18-09-2020,Karnataka,3631,3414,52,,3631,3414,52
18-09-2020,Karnataka,609558,519891,5244,,613189,523305,5296
18-09-2020,Karnataka,7005,5106,13,,620194,528411,5309
18-09-2020,Karnataka,152858,123684,540,,773052,652095,5849
18-09-2020,Karnataka,165371,151400,859,,938423,803495,6708
18-09-2020,Karnataka,9506,6415,110,,947929,809910,6818
18-09-2020,Karnataka,81617,44392,645,,1029546,854302,7463
18-09-2020,Karnataka,238828,201671,4907,,1268374,1055973,12370
18-09-2020,Karnataka,2859,2630,2,,1271233,1058603,12372
18-09-2020,Karnataka,27379,21314,335,,1298612,1079917,12707
18-09-2020,Karnataka,120498,101201,3289,,1419110,1181118,15996
18-09-2020,Karnataka,11622,7054,109,,1430732,1188172,16105
18-09-2020,Karnataka,106261,83878,1092,,1536993,1272050,17197
18-09-2020,Karnataka,68578,54052,602,,1605571,1326102,17799
18-09-2020,Karnataka,61041,39305,966,,1666612,1365407,18765
18-09-2020,Karnataka,502982,394026,7808,,2169594,1759433,26573
18-09-2020,Karnataka,126382,90089,502,,2295976,1849522,27075
18-09-2020,Karnataka,3635,2600,48,,2299611,1852122,27123
18-09-2020,Karnataka,1167496,834432,31791,,3467107,2686554,58914
18-09-2020,Karnataka,4447,2437,34,,3471554,2688991,58948
18-09-2020,Karnataka,8609,6629,52,,3480163,2695620,59000
18-09-2020,Karnataka,100458,76952,1901,,3580621,2772572,60901
18-09-2020,Karnataka,1534,973,0,,3582155,2773545,60901
18-09-2020,Karnataka,5357,4108,10,,3587512,2777653,60911
18-09-2020,Karnataka,171341,137567,735,,3758853,2915220,61646
18-09-2020,Karnataka,92806,68458,2706,,3851659,2983678,64352
18-09-2020,Karnataka,21913,16715,437,,3873572,3000393,64789
18-09-2020,Karnataka,111290,92265,1308,,3984862,3092658,66097
18-09-2020,Karnataka,2303,1857,26,,3987165,3094515,66123
18-09-2020,Karnataka,167046,135357,1016,,4154211,3229872,67139
18-09-2020,Karnataka,530908,475717,8685,,4685119,3705589,75824
18-09-2020,Karnataka,20969,13559,228,,4706088,3719148,76052
18-09-2020,Karnataka,5305655,4205358,85627,,10011743,7924506,161679
18-09-2020,Karnataka,342788,270094,4869,,10354531,8194600,166548
18-09-2020,Karnataka,38007,26095,464,,10392538,8220695,167012
18-09-2020,Karnataka,218772,190021,4242,,10611310,8410716,171254
19-09-2020,Karnataka,3644,3436,52,,10614954,8414152,171306
19-09-2020,Karnataka,617776,530711,5302,,11232730,8944863,176608
19-09-2020,Karnataka,7250,5280,13,,11239980,8950143,176621
19-09-2020,Karnataka,155453,125540,548,,11395433,9075683,177169
19-09-2020,Karnataka,166987,152956,861,,11562420,9228639,178030
19-09-2020,Karnataka,9796,6766,116,,11572216,9235405,178146
19-09-2020,Karnataka,84234,46081,664,,11656450,9281486,178810
19-09-2020,Karnataka,242899,205890,4945,,11899349,9487376,183755
19-09-2020,Karnataka,2887,2658,2,,11902236,9490034,183757
19-09-2020,Karnataka,28022,21760,342,,11930258,9511794,184099
19-09-2020,Karnataka,121930,102671,3305,,12052188,9614465,187404
19-09-2020,Karnataka,11908,7457,114,,12064096,9621922,187518
19-09-2020,Karnataka,108952,86150,1120,,12173048,9708072,188638
19-09-2020,Karnataka,69860,55697,615,,12242908,9763769,189253
19-09-2020,Karnataka,62533,40265,987,,12305441,9804034,190240
19-09-2020,Karnataka,511346,404841,7922,,12816787,10208875,198162
19-09-2020,Karnataka,131026,92951,520,,12947813,10301826,198682
19-09-2020,Karnataka,3708,2666,49,,12951521,10304492,198731
19-09-2020,Karnataka,1188015,857933,32216,,14139536,11162425,230947
19-09-2020,Karnataka,4559,2483,36,,14144095,11164908,230983
19-09-2020,Karnataka,8726,6723,55,,14152821,11171631,231038
19-09-2020,Karnataka,103065,79158,1943,,14255886,11250789,232981
19-09-2020,Karnataka,1548,989,0,,14257434,11251778,232981
19-09-2020,Karnataka,5392,4150,10,,14262826,11255928,232991
19-09-2020,Karnataka,175550,141657,744,,14438376,11397585,233735
19-09-2020,Karnataka,95529,70373,2757,,14533905,11467958,236492
19-09-2020,Karnataka,22456,17209,448,,14556361,11485167,236940
19-09-2020,Karnataka,113124,93805,1322,,14669485,11578972,238262
19-09-2020,Karnataka,2342,1891,28,,14671827,11580863,238290
19-09-2020,Karnataka,169169,137508,1025,,14840996,11718371,239315
19-09-2020,Karnataka,536477,481273,8751,,15377473,12199644,248066
19-09-2020,Karnataka,21504,14142,235,,15398977,12213786,248301
19-09-2020,Karnataka,5398229,4299747,86776,,20797206,16513533,335077
19-09-2020,Karnataka,348517,276690,4953,,21145723,16790223,340030
19-09-2020,Karnataka,40085,26973,478,,21185808,16817196,340508
19-09-2020,Karnataka,221960,193014,4298,,21407768,17010210,344806
20-09-2020,Karnataka,3651,3451,52,,21411419,17013661,344858
20-09-2020,Karnataka,625514,541319,5359,,22036933,17554980,350217
20-09-2020,Karnataka,7385,5408,13,,22044318,17560388,350230
20-09-2020,Karnataka,156680,127335,562,,22200998,17687723,350792
20-09-2020,Karnataka,168542,154443,864,,22369540,17842166,351656
20-09-2020,Karnataka,10082,7138,120,,22379622,17849304,351776
20-09-2020,Karnataka,86183,47653,677,,22465805,17896957,352453
20-09-2020,Karnataka,246711,209632,4982,,22712516,18106589,357435
20-09-2020,Karnataka,2924,2674,2,,22715440,18109263,357437
20-09-2020,Karnataka,28429,22297,351,,22743869,18131560,357788
20-09-2020,Karnataka,123337,103875,3322,,22867206,18235435,361110
20-09-2020,Karnataka,12129,7548,118,,22879335,18242983,361228
20-09-2020,Karnataka,111257,88697,1149,,22990592,18331680,362377
20-09-2020,Karnataka,71352,56944,617,,23061944,18388624,362994
20-09-2020,Karnataka,63990,40957,1001,,23125934,18429581,363995
20-09-2020,Karnataka,519537,413452,8023,,23645471,18843033,372018
20-09-2020,Karnataka,135722,95702,536,,23781193,18938735,372554
20-09-2020,Karnataka,3753,2691,49,,23784946,18941426,372603
20-09-2020,Karnataka,1208642,884341,32671,,24993588,19825767,405274
20-09-2020,Karnataka,4660,2513,36,,24998248,19828280,405310
20-09-2020,Karnataka,8896,6767,57,,25007144,19835047,405367
20-09-2020,Karnataka,105644,81374,1970,,25112788,19916421,407337
20-09-2020,Karnataka,1578,1002,0,,25114366,19917423,407337
20-09-2020,Karnataka,5451,4228,10,,25119817,19921651,407347
20-09-2020,Karnataka,179880,145675,754,,25299697,20067326,408101
20-09-2020,Karnataka,97689,72598,2813,,25397386,20139924,410914
20-09-2020,Karnataka,22923,17556,458,,25420309,20157480,411372
20-09-2020,Karnataka,114989,95469,1336,,25535298,20252949,412708
20-09-2020,Karnataka,2391,1894,29,,25537689,20254843,412737
20-09-2020,Karnataka,171306,139700,1033,,25708995,20394543,413770
20-09-2020,Karnataka,541993,486479,8811,,26250988,20881022,422581
20-09-2020,Karnataka,22029,14787,239,,26273017,20895809,422820
20-09-2020,Karnataka,5485624,4392673,87911,,31758641,25288482,510731
20-09-2020,Karnataka,354275,283274,5047,,32112916,25571756,515778
20-09-2020,Karnataka,40963,27828,491,,32153879,25599584,516269
20-09-2020,Karnataka,225137,195972,4359,,32379016,25795556,520628
21-09-2020,Karnataka,3673,3469,52,,32382689,25799025,520680
21-09-2020,Karnataka,631749,551821,5410,,33014438,26350846,526090
21-09-2020,Karnataka,7595,5643,13,,33022033,26356489,526103
21-09-2020,Karnataka,159320,129130,578,,33181353,26485619,526681
21-09-2020,Karnataka,169856,155824,870,,33351209,26641443,527551
21-09-2020,Karnataka,10298,7411,123,,33361507,26648854,527674
21-09-2020,Karnataka,88181,49564,690,,33449688,26698418,528364
21-09-2020,Karnataka,249259,213304,5014,,33698947,26911722,533378
21-09-2020,Karnataka,2933,2695,2,,33701880,26914417,533380
21-09-2020,Karnataka,28753,22726,360,,33730633,26937143,533740
21-09-2020,Karnataka,124767,105191,3339,,33855400,27042334,537079
21-09-2020,Karnataka,12438,7836,125,,33867838,27050170,537204
21-09-2020,Karnataka,113075,90884,1177,,33980913,27141054,538381
21-09-2020,Karnataka,72673,58543,626,,34053586,27199597,539007
21-09-2020,Karnataka,65026,42115,1024,,34118612,27241712,540031
21-09-2020,Karnataka,526876,423377,8145,,34645488,27665089,548176
21-09-2020,Karnataka,138632,98724,554,,34784120,27763813,548730
21-09-2020,Karnataka,3832,2735,50,,34787952,27766548,548780
21-09-2020,Karnataka,1224380,916348,33015,,36012332,28682896,581795
21-09-2020,Karnataka,4733,2528,38,,36017065,28685424,581833
21-09-2020,Karnataka,9012,6838,59,,36026077,28692262,581892
21-09-2020,Karnataka,108167,83618,2007,,36134244,28775880,583899
21-09-2020,Karnataka,1585,1012,0,,36135829,28776892,583899
21-09-2020,Karnataka,5544,4451,10,,36141373,28781343,583909
21-09-2020,Karnataka,184122,149379,763,,36325495,28930722,584672
21-09-2020,Karnataka,99930,75409,2860,,36425425,29006131,587532
21-09-2020,Karnataka,23191,18065,467,,36448616,29024196,587999
21-09-2020,Karnataka,116881,97284,1352,,36565497,29121480,589351
21-09-2020,Karnataka,2447,1905,29,,36567944,29123385,589380
21-09-2020,Karnataka,172608,141930,1042,,36740552,29265315,590422
21-09-2020,Karnataka,547337,491971,8871,,37287889,29757286,599293
21-09-2020,Karnataka,22272,15441,245,,37310161,29772727,599538
21-09-2020,Karnataka,5560117,4494748,88967,,42870278,34267475,688505
21-09-2020,Karnataka,358893,289594,5135,,43229171,34557069,693640
21-09-2020,Karnataka,41777,29000,501,,43270948,34586069,694141
21-09-2020,Karnataka,228302,198983,4421,,43499250,34785052,698562
22-09-2020,Karnataka,3691,3479,52,,43502941,34788531,698614
22-09-2020,Karnataka,639302,562376,5461,,44142243,35350907,704075
22-09-2020,Karnataka,7844,5778,14,,44150087,35356685,704089
22-09-2020,Karnataka,161393,130947,586,,44311480,35487632,704675
22-09-2020,Karnataka,171465,157056,873,,44482945,35644688,705548
22-09-2020,Karnataka,10546,7794,127,,44493491,35652482,705675
22-09-2020,Karnataka,90917,52001,718,,44584408,35704483,706393
22-09-2020,Karnataka,253075,216401,5051,,44837483,35920884,711444
22-09-2020,Karnataka,2944,2725,2,,44840427,35923609,711446
22-09-2020,Karnataka,29343,23462,368,,44869770,35947071,711814
22-09-2020,Karnataka,126169,106512,3355,,44995939,36053583,715169
22-09-2020,Karnataka,12769,8491,130,,45008708,36062074,715299
22-09-2020,Karnataka,114870,93776,1206,,45123578,36155850,716505
22-09-2020,Karnataka,73948,60027,641,,45197526,36215877,717146
22-09-2020,Karnataka,66261,43734,1042,,45263787,36259611,718188
22-09-2020,Karnataka,533850,432450,8228,,45797637,36692061,726416
22-09-2020,Karnataka,142757,101731,573,,45940394,36793792,726989
22-09-2020,Karnataka,3887,2809,50,,45944281,36796601,727039
22-09-2020,Karnataka,1242770,936554,33407,,47187051,37733155,760446
22-09-2020,Karnataka,4791,2707,40,,47191842,37735862,760486
22-09-2020,Karnataka,9282,6887,60,,47201124,37742749,760546
22-09-2020,Karnataka,110711,86030,2035,,47311835,37828779,762581
22-09-2020,Karnataka,1691,1023,0,,47313526,37829802,762581
22-09-2020,Karnataka,5604,4491,10,,47319130,37834293,762591
22-09-2020,Karnataka,188311,153213,774,,47507441,37987506,763365
22-09-2020,Karnataka,101341,77127,2926,,47608782,38064633,766291
22-09-2020,Karnataka,23684,18454,473,,47632466,38083087,766764
22-09-2020,Karnataka,118793,98812,1367,,47751259,38181899,768131
22-09-2020,Karnataka,2513,1928,29,,47753772,38183827,768160
22-09-2020,Karnataka,174774,144073,1052,,47928546,38327900,769212
22-09-2020,Karnataka,552674,497377,8947,,48481220,38825277,778159
22-09-2020,Karnataka,22831,15860,248,,48504051,38841137,778407
22-09-2020,Karnataka,5643479,4584405,90052,,54147530,43425542,868459
22-09-2020,Karnataka,364543,296183,5212,,54512073,43721725,873671
22-09-2020,Karnataka,42651,30107,512,,54554724,43751832,874183
22-09-2020,Karnataka,231484,202030,4483,,54786208,43953862,878666
23-09-2020,Karnataka,3712,3494,52,,54789920,43957356,878718
23-09-2020,Karnataka,646530,570667,5506,,55436450,44528023,884224
23-09-2020,Karnataka,8133,5903,14,,55444583,44533926,884238
23-09-2020,Karnataka,163491,132709,597,,55608074,44666635,884835
23-09-2020,Karnataka,173063,158546,874,,55781137,44825181,885709
23-09-2020,Karnataka,10726,8049,137,,55791863,44833230,885846
23-09-2020,Karnataka,93351,56773,728,,55885214,44890003,886574
23-09-2020,Karnataka,256789,220866,5087,,56142003,45110869,891661
23-09-2020,Karnataka,2962,2734,2,,56144965,45113603,891663
23-09-2020,Karnataka,29879,23857,376,,56174844,45137460,892039
23-09-2020,Karnataka,127541,107801,3370,,56302385,45245261,895409
23-09-2020,Karnataka,13049,8937,135,,56315434,45254198,895544
23-09-2020,Karnataka,116856,96347,1233,,56432290,45350545,896777
23-09-2020,Karnataka,75089,61559,648,,56507379,45412104,897425
23-09-2020,Karnataka,67510,46530,1062,,56574889,45458634,898487
23-09-2020,Karnataka,540847,437910,8266,,57115736,45896544,906753
23-09-2020,Karnataka,148133,104682,593,,57263869,46001226,907346
23-09-2020,Karnataka,3933,2844,51,,57267802,46004070,907397
23-09-2020,Karnataka,1263799,956030,33886,,58531601,46960100,941283
23-09-2020,Karnataka,4961,2859,42,,58536562,46962959,941325
23-09-2020,Karnataka,9378,7108,62,,58545940,46970067,941387
23-09-2020,Karnataka,113057,88168,2077,,58658997,47058235,943464
23-09-2020,Karnataka,1713,1095,0,,58660710,47059330,943464
23-09-2020,Karnataka,5671,4509,11,,58666381,47063839,943475
23-09-2020,Karnataka,192548,157265,789,,58858929,47221104,944264
23-09-2020,Karnataka,103464,79244,2990,,58962393,47300348,947254
23-09-2020,Karnataka,24227,18893,481,,58986620,47319241,947735
23-09-2020,Karnataka,120739,100365,1382,,59107359,47419606,949117
23-09-2020,Karnataka,2548,1942,30,,59109907,47421548,949147
23-09-2020,Karnataka,177070,146135,1062,,59286977,47567683,950209
23-09-2020,Karnataka,557999,502740,9010,,59844976,48070423,959219
23-09-2020,Karnataka,23335,16463,250,,59868311,48086886,959469
23-09-2020,Karnataka,5730182,4671864,91175,,65598493,52758750,1050644
23-09-2020,Karnataka,369686,302689,5299,,65968179,53061439,1055943
23-09-2020,Karnataka,43720,31123,529,,66011899,53092562,1056472
23-09-2020,Karnataka,234673,205028,4544,,66246572,53297590,1061016
24-09-2020,Karnataka,3744,3503,52,,66250316,53301093,1061068
24-09-2020,Karnataka,654385,579474,5558,,66904701,53880567,1066626
24-09-2020,Karnataka,8416,6071,14,,66913117,53886638,1066640
24-09-2020,Karnataka,165582,135141,608,,67078699,54021779,1067248
24-09-2020,Karnataka,174266,159700,878,,67252965,54181479,1068126
24-09-2020,Karnataka,10968,8342,144,,67263933,54189821,1068270
24-09-2020,Karnataka,95623,58833,752,,67359556,54248654,1069022
24-09-2020,Karnataka,260623,224375,5123,,67620179,54473029,1074145
24-09-2020,Karnataka,2977,2760,2,,67623156,54475789,1074147
24-09-2020,Karnataka,30552,24347,383,,67653708,54500136,1074530
24-09-2020,Karnataka,128949,109311,3384,,67782657,54609447,1077914
24-09-2020,Karnataka,13386,9232,145,,67796043,54618679,1078059
24-09-2020,Karnataka,118554,98410,1255,,67914597,54717089,1079314
24-09-2020,Karnataka,76438,62945,652,,67991035,54780034,1079966
24-09-2020,Karnataka,68614,48079,1084,,68059649,54828113,1081050
24-09-2020,Karnataka,548557,444658,8331,,68608206,55272771,1089381
24-09-2020,Karnataka,154457,107850,614,,68762663,55380621,1089995
24-09-2020,Karnataka,3969,2893,54,,68766632,55383514,1090049
24-09-2020,Karnataka,1282963,973214,34345,,70049595,56356728,1124394
24-09-2020,Karnataka,5083,3058,43,,70054678,56359786,1124437
24-09-2020,Karnataka,9539,7369,62,,70064217,56367155,1124499
24-09-2020,Karnataka,115361,90495,2122,,70179578,56457650,1126621
24-09-2020,Karnataka,1759,1104,0,,70181337,56458754,1126621
24-09-2020,Karnataka,5730,4598,11,,70187067,56463352,1126632
24-09-2020,Karnataka,196888,161044,805,,70383955,56624396,1127437
24-09-2020,Karnataka,105220,81475,3066,,70489175,56705871,1130503
24-09-2020,Karnataka,24895,19311,487,,70514070,56725182,1130990
24-09-2020,Karnataka,122720,102330,1397,,70636790,56827512,1132387
24-09-2020,Karnataka,2612,1973,31,,70639402,56829485,1132418
24-09-2020,Karnataka,179246,148139,1070,,70818648,56977624,1133488
24-09-2020,Karnataka,563691,508210,9076,,71382339,57485834,1142564
24-09-2020,Karnataka,23786,16955,257,,71406125,57502789,1142821
24-09-2020,Karnataka,5816103,4753006,92319,,77222228,62255795,1235140
24-09-2020,Karnataka,374277,307611,5366,,77596505,62563406,1240506
24-09-2020,Karnataka,44404,32154,542,,77640909,62595560,1241048
24-09-2020,Karnataka,237869,208042,4606,,77878778,62803602,1245654
25-09-2020,Karnataka,3759,3528,52,,77882537,62807130,1245706
25-09-2020,Karnataka,661458,588169,5606,,78543995,63395299,1251312
25-09-2020,Karnataka,8671,6230,14,,78552666,63401529,1251326
25-09-2020,Karnataka,167374,136712,625,,78720040,63538241,1251951
25-09-2020,Karnataka,175898,161510,881,,78895938,63699751,1252832
25-09-2020,Karnataka,11212,8677,145,,78907150,63708428,1252977
25-09-2020,Karnataka,98565,66860,777,,79005715,63775288,1253754
25-09-2020,Karnataka,264450,228436,5147,,79270165,64003724,1258901
25-09-2020,Karnataka,2989,2779,2,,79273154,64006503,1258903
25-09-2020,Karnataka,31071,25071,386,,79304225,64031574,1259289
25-09-2020,Karnataka,130391,110590,3396,,79434616,64142164,1262685
25-09-2020,Karnataka,13679,9528,152,,79448295,64151692,1262837
25-09-2020,Karnataka,120578,101273,1273,,79568873,64252965,1264110
25-09-2020,Karnataka,77709,64515,661,,79646582,64317480,1264771
25-09-2020,Karnataka,69832,49557,1105,,79716414,64367037,1265876
25-09-2020,Karnataka,557212,450302,8417,,80273626,64817339,1274293
25-09-2020,Karnataka,160934,111331,636,,80434560,64928670,1274929
25-09-2020,Karnataka,4025,2971,56,,80438585,64931641,1274985
25-09-2020,Karnataka,1300757,992806,34761,,81739342,65924447,1309746
25-09-2020,Karnataka,5158,3343,43,,81744500,65927790,1309789
25-09-2020,Karnataka,9793,7602,63,,81754293,65935392,1309852
25-09-2020,Karnataka,117588,93238,2152,,81871881,66028630,1312004
25-09-2020,Karnataka,1786,1288,0,,81873667,66029918,1312004
25-09-2020,Karnataka,5768,4693,11,,81879435,66034611,1312015
25-09-2020,Karnataka,201096,165432,820,,82080531,66200043,1312835
25-09-2020,Karnataka,107096,84025,3134,,82187627,66284068,1315969
25-09-2020,Karnataka,25489,19781,494,,82213116,66303849,1316463
25-09-2020,Karnataka,124730,104288,1412,,82337846,66408137,1317875
25-09-2020,Karnataka,2704,1994,31,,82340550,66410131,1317906
25-09-2020,Karnataka,181627,150160,1080,,82522177,66560291,1318986
25-09-2020,Karnataka,569370,513836,9148,,83091547,67074127,1328134
25-09-2020,Karnataka,24127,17464,262,,83115674,67091591,1328396
25-09-2020,Karnataka,5901820,4846337,93412,,89017494,71937928,1421808
25-09-2020,Karnataka,378533,313686,5450,,89396027,72251614,1427258
25-09-2020,Karnataka,45332,33642,555,,89441359,72285256,1427813
25-09-2020,Karnataka,241059,211020,4665,,89682418,72496276,1432478
26-09-2020,Karnataka,3774,3551,52,,89686192,72499827,1432530
26-09-2020,Karnataka,668751,597294,5663,,90354943,73097121,1438193
26-09-2020,Karnataka,8869,6397,14,,90363812,73103518,1438207
26-09-2020,Karnataka,169110,138307,638,,90532922,73241825,1438845
26-09-2020,Karnataka,177355,163132,886,,90710277,73404957,1439731
26-09-2020,Karnataka,11380,8937,145,,90721657,73413894,1439876
26-09-2020,Karnataka,102461,70955,817,,90824118,73484849,1440693
26-09-2020,Karnataka,267822,232912,5193,,91091940,73717761,1445886
26-09-2020,Karnataka,2996,2804,2,,91094936,73720565,1445888
26-09-2020,Karnataka,31574,25759,391,,91126510,73746324,1446279
26-09-2020,Karnataka,131808,112009,3409,,91258318,73858333,1449688
26-09-2020,Karnataka,13996,9710,159,,91272314,73868043,1449847
26-09-2020,Karnataka,122267,103827,1291,,91394581,73971870,1451138
26-09-2020,Karnataka,78935,65839,670,,91473516,74037709,1451808
26-09-2020,Karnataka,71049,51494,1125,,91544565,74089203,1452933
26-09-2020,Karnataka,566023,455719,8503,,92110588,74544922,1461436
26-09-2020,Karnataka,167940,114530,657,,92278528,74659452,1462093
26-09-2020,Karnataka,4093,3018,57,,92282621,74662470,1462150
26-09-2020,Karnataka,1321176,1016450,35191,,93603797,75678920,1497341
26-09-2020,Karnataka,5212,3654,43,,93609009,75682574,1497384
26-09-2020,Karnataka,10053,7681,64,,93619062,75690255,1497448
26-09-2020,Karnataka,119899,95490,2181,,93738961,75785745,1499629
26-09-2020,Karnataka,1835,1316,0,,93740796,75787061,1499629
26-09-2020,Karnataka,5862,4782,11,,93746658,75791843,1499640
26-09-2020,Karnataka,205452,170193,836,,93952110,75962036,1500476
26-09-2020,Karnataka,108684,86013,3188,,94060794,76048049,1503664
26-09-2020,Karnataka,26032,20205,500,,94086826,76068254,1504164
26-09-2020,Karnataka,126775,105994,1426,,94213601,76174248,1505590
26-09-2020,Karnataka,2752,2016,31,,94216353,76176264,1505621
26-09-2020,Karnataka,183866,152441,1091,,94400219,76328705,1506712
26-09-2020,Karnataka,575017,519448,9233,,94975236,76848153,1515945
26-09-2020,Karnataka,24405,17969,265,,94999641,76866122,1516210
26-09-2020,Karnataka,5990579,4938702,94536,,100990220,81804824,1610746
26-09-2020,Karnataka,382835,320232,5517,,101373055,82125056,1616263
26-09-2020,Karnataka,46281,34649,566,,101419336,82159705,1616829
26-09-2020,Karnataka,244240,213975,4721,,101663576,82373680,1621550
27-09-2020,Karnataka,3794,3553,53,,101667370,82377233,1621603
27-09-2020,Karnataka,675674,605090,5708,,102343044,82982323,1627311
27-09-2020,Karnataka,9004,6495,14,,102352048,82988818,1627325
27-09-2020,Karnataka,169985,139977,655,,102522033,83128795,1627980
27-09-2020,Karnataka,178882,164537,888,,102700915,83293332,1628868
27-09-2020,Karnataka,11553,9103,147,,102712468,83302435,1629015
27-09-2020,Karnataka,104733,72224,848,,102817201,83374659,1629863
27-09-2020,Karnataka,271114,236651,5235,,103088315,83611310,1635098
27-09-2020,Karnataka,3002,2820,2,,103091317,83614130,1635100
27-09-2020,Karnataka,31958,26460,401,,103123275,83640590,1635501
27-09-2020,Karnataka,133219,113240,3419,,103256494,83753830,1638920
27-09-2020,Karnataka,14191,10339,170,,103270685,83764169,1639090
27-09-2020,Karnataka,123782,105990,1307,,103394467,83870159,1640397
27-09-2020,Karnataka,79909,66797,679,,103474376,83936956,1641076
27-09-2020,Karnataka,72190,52859,1132,,103546566,83989815,1642208
27-09-2020,Karnataka,575566,462241,8582,,104122132,84452056,1650790
27-09-2020,Karnataka,175385,117921,678,,104297517,84569977,1651468
27-09-2020,Karnataka,4103,3032,58,,104301620,84573009,1651526
27-09-2020,Karnataka,1339232,1030015,35571,,105640852,85603024,1687097
27-09-2020,Karnataka,5302,3779,43,,105646154,85606803,1687140
27-09-2020,Karnataka,10301,7876,64,,105656455,85614679,1687204
27-09-2020,Karnataka,122209,97571,2207,,105778664,85712250,1689411
27-09-2020,Karnataka,1865,1368,0,,105780529,85713618,1689411
27-09-2020,Karnataka,5946,4848,11,,105786475,85718466,1689422
27-09-2020,Karnataka,209374,173571,850,,105995849,85892037,1690272
27-09-2020,Karnataka,110106,88312,3238,,106105955,85980349,1693510
27-09-2020,Karnataka,26400,20648,513,,106132355,86000997,1694023
27-09-2020,Karnataka,128859,107718,1441,,106261214,86108715,1695464
27-09-2020,Karnataka,2790,2065,33,,106264004,86110780,1695497
27-09-2020,Karnataka,185833,154499,1100,,106449837,86265279,1696597
27-09-2020,Karnataka,580808,525154,9313,,107030645,86790433,1705910
27-09-2020,Karnataka,24725,18369,267,,107055370,86808802,1706177
27-09-2020,Karnataka,6073349,5013393,95576,,113128719,91822195,1801753
27-09-2020,Karnataka,387085,325888,5594,,113515804,92148083,1807347
27-09-2020,Karnataka,47045,35462,574,,113562849,92183545,1807921
27-09-2020,Karnataka,247425,216921,4781,,113810274,92400466,1812702
28-09-2020,Karnataka,3803,3582,53,,113814077,92404048,1812755
28-09-2020,Karnataka,681161,612300,5745,,114495238,93016348,1818500
28-09-2020,Karnataka,9332,6592,15,,114504570,93022940,1818515
28-09-2020,Karnataka,173629,142297,667,,114678199,93165237,1819182
28-09-2020,Karnataka,180032,166188,892,,114858231,93331425,1820074
28-09-2020,Karnataka,11678,9325,153,,114869909,93340750,1820227
28-09-2020,Karnataka,108458,74537,877,,114978367,93415287,1821104
28-09-2020,Karnataka,273098,240703,5272,,115251465,93655990,1826376
28-09-2020,Karnataka,3012,2850,2,,115254477,93658840,1826378
28-09-2020,Karnataka,32396,27072,407,,115286873,93685912,1826785
28-09-2020,Karnataka,134623,114576,3431,,115421496,93800488,1830216
28-09-2020,Karnataka,14457,10607,175,,115435953,93811095,1830391
28-09-2020,Karnataka,125412,108411,1331,,115561365,93919506,1831722
28-09-2020,Karnataka,81417,68603,688,,115642782,93988109,1832410
28-09-2020,Karnataka,73014,54267,1146,,115715796,94042376,1833556
28-09-2020,Karnataka,582458,469750,8641,,116298254,94512126,1842197
28-09-2020,Karnataka,179923,121268,698,,116478177,94633394,1842895
28-09-2020,Karnataka,4152,3064,58,,116482329,94636458,1842953
28-09-2020,Karnataka,1351153,1049947,35751,,117833482,95686405,1878704
28-09-2020,Karnataka,5362,3868,46,,117838844,95690273,1878750
28-09-2020,Karnataka,10479,7982,64,,117849323,95698255,1878814
28-09-2020,Karnataka,124166,100012,2242,,117973489,95798267,1881056
28-09-2020,Karnataka,1908,1417,0,,117975397,95799684,1881056
28-09-2020,Karnataka,5957,4897,12,,117981354,95804581,1881068
28-09-2020,Karnataka,212609,177585,866,,118193963,95982166,1881934
28-09-2020,Karnataka,111375,90345,3284,,118305338,96072511,1885218
28-09-2020,Karnataka,26685,21156,515,,118332023,96093667,1885733
28-09-2020,Karnataka,130971,109472,1456,,118462994,96203139,1887189
28-09-2020,Karnataka,2815,2083,35,,118465809,96205222,1887224
28-09-2020,Karnataka,187211,156431,1107,,118653020,96361653,1888331
28-09-2020,Karnataka,586397,530708,9383,,119239417,96892361,1897714
28-09-2020,Karnataka,24918,18936,270,,119264335,96911297,1897984
28-09-2020,Karnataka,6143018,5098591,96351,,125407353,102009888,1994335
28-09-2020,Karnataka,390875,331270,5652,,125798228,102341158,1999987
28-09-2020,Karnataka,47502,36646,580,,125845730,102377804,2000567
28-09-2020,Karnataka,250580,219844,4837,,126096310,102597648,2005404
29-09-2020,Karnataka,3821,3587,53,,126100131,102601235,2005457
29-09-2020,Karnataka,687351,622136,5780,,126787482,103223371,2011237
29-09-2020,Karnataka,9553,6743,16,,126797035,103230114,2011253
29-09-2020,Karnataka,177221,143999,680,,126974256,103374113,2011933
29-09-2020,Karnataka,181471,167890,894,,127155727,103542003,2012827
29-09-2020,Karnataka,11816,9598,158,,127167543,103551601,2012985
29-09-2020,Karnataka,110655,78514,916,,127278198,103630115,2013901
29-09-2020,Karnataka,276325,243481,5320,,127554523,103873596,2019221
29-09-2020,Karnataka,3032,2883,2,,127557555,103876479,2019223
29-09-2020,Karnataka,32777,27781,419,,127590332,103904260,2019642
29-09-2020,Karnataka,136004,115959,3442,,127726336,104020219,2023084
29-09-2020,Karnataka,14747,10971,178,,127741083,104031190,2023262
29-09-2020,Karnataka,126974,110814,1356,,127868057,104142004,2024618
29-09-2020,Karnataka,82540,69898,700,,127950597,104211902,2025318
29-09-2020,Karnataka,74095,55517,1164,,128024692,104267419,2026482
29-09-2020,Karnataka,592911,476378,8777,,128617603,104743797,2035259
29-09-2020,Karnataka,187277,124688,720,,128804880,104868485,2035979
29-09-2020,Karnataka,4195,3107,58,,128809075,104871592,2036037
29-09-2020,Karnataka,1366129,1069159,36181,,130175204,105940751,2072218
29-09-2020,Karnataka,5463,3940,47,,130180667,105944691,2072265
29-09-2020,Karnataka,10748,8039,65,,130191415,105952730,2072330
29-09-2020,Karnataka,126043,102445,2281,,130317458,106055175,2074611
29-09-2020,Karnataka,1958,1548,0,,130319416,106056723,2074611
29-09-2020,Karnataka,6040,4942,12,,130325456,106061665,2074623
29-09-2020,Karnataka,215676,181481,881,,130541132,106243146,2075504
29-09-2020,Karnataka,112460,92277,3359,,130653592,106335423,2078863
29-09-2020,Karnataka,27066,21616,517,,130680658,106357039,2079380
29-09-2020,Karnataka,133119,111272,1471,,130813777,106468311,2080851
29-09-2020,Karnataka,2856,2154,35,,130816633,106470465,2080886
29-09-2020,Karnataka,189283,158690,1116,,131005916,106629155,2082002
29-09-2020,Karnataka,591943,536209,9453,,131597859,107165364,2091455
