02-03-2021,Tamil Nadu,2169330,2036790,52238,,2169330,2036790,52238
02-03-2021,Tamil Nadu,13966,13803,148,,2183296,2050593,52386
02-03-2021,Tamil Nadu,29282,28876,373,,2212578,2079469,52759
02-03-2021,Tamil Nadu,262433,255595,3865,,2475011,2335064,56624
02-03-2021,Tamil Nadu,4426,4397,10,,2479437,2339461,56634
02-03-2021,Tamil Nadu,12200,11949,91,,2491637,2351410,56725
02-03-2021,Tamil Nadu,337351,334703,1970,,2828988,2686113,58695
02-03-2021,Tamil Nadu,183538,172480,5860,,3012526,2858593,64555
02-03-2021,Tamil Nadu,39763,38920,669,,3052289,2897513,65224
02-03-2021,Tamil Nadu,320557,316430,2787,,3372846,3213943,68011
02-03-2021,Tamil Nadu,6147,5878,135,,3378993,3219821,68146
02-03-2021,Tamil Nadu,299086,295544,1635,,3678079,3515365,69781
02-03-2021,Tamil Nadu,852478,835979,12502,,4530557,4351344,82283
02-03-2021,Tamil Nadu,33414,32964,388,,4563971,4384308,82671
02-03-2021,Tamil Nadu,11139325,10810153,157384,,15703296,15194461,240055
02-03-2021,Tamil Nadu,603711,592901,8728,,16307007,15787362,248783
02-03-2021,Tamil Nadu,97089,93544,1692,,16404096,15880906,250475
02-03-2021,Tamil Nadu,575487,561964,10270,,16979583,16442870,260745
03-03-2021,Tamil Nadu,5022,4952,62,,16984605,16447822,260807
03-03-2021,Tamil Nadu,890215,882219,7170,,17874820,17330041,267977
03-03-2021,Tamil Nadu,16838,16780,56,,17891658,17346821,268033
03-03-2021,Tamil Nadu,217593,214879,1093,,18109251,17561700,269126
03-03-2021,Tamil Nadu,262628,260737,1542,,18371879,17822437,270668
03-03-2021,Tamil Nadu,21962,21104,355,,18393841,17843541,271023
03-03-2021,Tamil Nadu,313299,306490,3848,,18707140,18150031,274871
03-03-2021,Tamil Nadu,639921,627423,10914,,19347061,18777454,285785
03-03-2021,Tamil Nadu,3390,3353,2,,19350451,18780807,285787
03-03-2021,Tamil Nadu,55143,53737,796,,19405594,18834544,286583
03-03-2021,Tamil Nadu,271245,264195,4412,,19676839,19098739,290995
03-03-2021,Tamil Nadu,58877,57386,983,,19735716,19156125,291978
03-03-2021,Tamil Nadu,271365,266843,3052,,20007081,19422968,295030
03-03-2021,Tamil Nadu,120069,118505,1090,,20127150,19541473,296120
03-03-2021,Tamil Nadu,126693,123860,1958,,20253843,19665333,298078
03-03-2021,Tamil Nadu,952565,934143,12346,,21206408,20599476,310424
03-03-2021,Tamil Nadu,1067045,1016515,4242,,22273453,21615991,314666
03-03-2021,Tamil Nadu,9821,9649,130,,22283274,21625640,314796
03-03-2021,Tamil Nadu,414,281,1,,22283688,21625921,314797
03-03-2021,Tamil Nadu,2179185,2043349,52280,,24462873,23669270,367077
03-03-2021,Tamil Nadu,13966,13804,148,,24476839,23683074,367225
03-03-2021,Tamil Nadu,29283,28878,373,,24506122,23711952,367598
03-03-2021,Tamil Nadu,262850,255888,3865,,24768972,23967840,371463
03-03-2021,Tamil Nadu,4427,4398,10,,24773399,23972238,371473
03-03-2021,Tamil Nadu,12205,11949,91,,24785604,23984187,371564
03-03-2021,Tamil Nadu,337448,334767,1970,,25123052,24318954,373534
03-03-2021,Tamil Nadu,184310,172845,5872,,25307362,24491799,379406
03-03-2021,Tamil Nadu,39777,38940,669,,25347139,24530739,380075
03-03-2021,Tamil Nadu,320772,316515,2787,,25667911,24847254,382862
03-03-2021,Tamil Nadu,6150,5889,135,,25674061,24853143,382997
03-03-2021,Tamil Nadu,299254,295707,1635,,25973315,25148850,384632
03-03-2021,Tamil Nadu,852967,836473,12504,,26826282,25985323,397136
03-03-2021,Tamil Nadu,33417,32966,388,,26859699,26018289,397524
03-03-2021,Tamil Nadu,11156750,10824224,157471,,38016449,36842513,554995
03-03-2021,Tamil Nadu,603788,593035,8728,,38620237,37435548,563723
03-03-2021,Tamil Nadu,97134,93575,1692,,38717371,37529123,565415
03-03-2021,Tamil Nadu,575712,562195,10272,,39293083,38091318,575687
04-03-2021,Tamil Nadu,5024,4953,62,,39298107,38096271,575749
04-03-2021,Tamil Nadu,890317,882275,7171,,40188424,38978546,582920
04-03-2021,Tamil Nadu,16838,16780,56,,40205262,38995326,582976
04-03-2021,Tamil Nadu,217613,214894,1093,,40422875,39210220,584069
04-03-2021,Tamil Nadu,262668,260777,1543,,40685543,39470997,585612
04-03-2021,Tamil Nadu,22040,21140,355,,40707583,39492137,585967
04-03-2021,Tamil Nadu,313534,306693,3851,,41021117,39798830,589818
04-03-2021,Tamil Nadu,640182,627566,10915,,41661299,40426396,600733
04-03-2021,Tamil Nadu,3390,3353,2,,41664689,40429749,600735
04-03-2021,Tamil Nadu,55212,53775,798,,41719901,40483524,601533
04-03-2021,Tamil Nadu,271725,264564,4412,,41991626,40748088,605945
04-03-2021,Tamil Nadu,58942,57406,983,,42050568,40805494,606928
04-03-2021,Tamil Nadu,271659,266992,3052,,42322227,41072486,609980
04-03-2021,Tamil Nadu,120130,118552,1091,,42442357,41191038,611071
04-03-2021,Tamil Nadu,126772,123930,1959,,42569129,41314968,613030
04-03-2021,Tamil Nadu,953136,934639,12350,,43522265,42249607,625380
04-03-2021,Tamil Nadu,1069661,1020671,4256,,44591926,43270278,629636
04-03-2021,Tamil Nadu,9824,9651,130,,44601750,43279929,629766
04-03-2021,Tamil Nadu,426,305,1,,44602176,43280234,629767
04-03-2021,Tamil Nadu,2188183,2049484,52340,,46790359,45329718,682107
04-03-2021,Tamil Nadu,13966,13805,148,,46804325,45343523,682255
04-03-2021,Tamil Nadu,29283,28878,373,,46833608,45372401,682628
04-03-2021,Tamil Nadu,263290,256116,3866,,47096898,45628517,686494
04-03-2021,Tamil Nadu,4427,4400,10,,47101325,45632917,686504
04-03-2021,Tamil Nadu,12210,11951,91,,47113535,45644868,686595
04-03-2021,Tamil Nadu,337529,334838,1970,,47451064,45979706,688565
04-03-2021,Tamil Nadu,185381,173230,5887,,47636445,46152936,694452
04-03-2021,Tamil Nadu,39794,38959,669,,47676239,46191895,695121
04-03-2021,Tamil Nadu,320928,316631,2788,,47997167,46508526,697909
04-03-2021,Tamil Nadu,6154,5890,135,,48003321,46514416,698044
04-03-2021,Tamil Nadu,299406,295821,1637,,48302727,46810237,699681
04-03-2021,Tamil Nadu,853449,836963,12508,,49156176,47647200,712189
04-03-2021,Tamil Nadu,33419,32975,388,,49189595,47680175,712577
04-03-2021,Tamil Nadu,11173574,10838012,157584,,60363169,58518187,870161
04-03-2021,Tamil Nadu,603907,593149,8729,,60967076,59111336,878890
04-03-2021,Tamil Nadu,97234,93594,1692,,61064310,59204930,880582
04-03-2021,Tamil Nadu,575921,562412,10273,,61640231,59767342,890855
05-03-2021,Tamil Nadu,5024,4954,62,,61645255,59772296,890917
05-03-2021,Tamil Nadu,890441,882369,7172,,62535696,60654665,898089
05-03-2021,Tamil Nadu,16839,16780,56,,62552535,60671445,898145
05-03-2021,Tamil Nadu,217642,214914,1093,,62770177,60886359,899238
05-03-2021,Tamil Nadu,262706,260821,1544,,63032883,61147180,900782
05-03-2021,Tamil Nadu,22116,21174,355,,63054999,61168354,901137
05-03-2021,Tamil Nadu,313808,307138,3854,,63368807,61475492,904991
05-03-2021,Tamil Nadu,640494,627797,10918,,64009301,62103289,915909
05-03-2021,Tamil Nadu,3390,3353,2,,64012691,62106642,915911
05-03-2021,Tamil Nadu,55291,53817,799,,64067982,62160459,916710
05-03-2021,Tamil Nadu,272240,264969,4413,,64340222,62425428,921123
05-03-2021,Tamil Nadu,59014,57428,984,,64399236,62482856,922107
05-03-2021,Tamil Nadu,271892,267116,3053,,64671128,62749972,925160
05-03-2021,Tamil Nadu,120174,118601,1091,,64791302,62868573,926251
05-03-2021,Tamil Nadu,126853,124002,1960,,64918155,62992575,928211
05-03-2021,Tamil Nadu,953813,935066,12354,,65871968,63927641,940565
05-03-2021,Tamil Nadu,1072437,1024309,4272,,66944405,64951950,944837
05-03-2021,Tamil Nadu,9826,9654,130,,66954231,64961604,944967
05-03-2021,Tamil Nadu,469,307,1,,66954700,64961911,944968
05-03-2021,Tamil Nadu,2198399,2055951,52393,,69153099,67017862,997361
05-03-2021,Tamil Nadu,13968,13806,148,,69167067,67031668,997509
05-03-2021,Tamil Nadu,29286,28880,373,,69196353,67060548,997882
05-03-2021,Tamil Nadu,263747,256424,3866,,69460100,67316972,1001748
05-03-2021,Tamil Nadu,4428,4404,10,,69464528,67321376,1001758
05-03-2021,Tamil Nadu,12210,11951,91,,69476738,67333327,1001849
05-03-2021,Tamil Nadu,337620,334902,1970,,69814358,67668229,1003819
05-03-2021,Tamil Nadu,186189,173630,5898,,70000547,67841859,1009717
05-03-2021,Tamil Nadu,39824,38979,669,,70040371,67880838,1010386
05-03-2021,Tamil Nadu,321123,316750,2789,,70361494,68197588,1013175
05-03-2021,Tamil Nadu,6157,5890,135,,70367651,68203478,1013310
05-03-2021,Tamil Nadu,299572,295970,1639,,70667223,68499448,1014949
05-03-2021,Tamil Nadu,853992,837525,12513,,71521215,69336973,1027462
05-03-2021,Tamil Nadu,33419,32975,388,,71554634,69369948,1027850
05-03-2021,Tamil Nadu,11191898,10852198,157693,,82746532,80222146,1185543
05-03-2021,Tamil Nadu,604034,593288,8729,,83350566,80815434,1194272
05-03-2021,Tamil Nadu,97285,93629,1694,,83447851,80909063,1195966
05-03-2021,Tamil Nadu,576176,562675,10275,,84024027,81471738,1206241
06-03-2021,Tamil Nadu,5024,4955,62,,84029051,81476693,1206303
06-03-2021,Tamil Nadu,890556,882462,7173,,84919607,82359155,1213476
06-03-2021,Tamil Nadu,16839,16780,56,,84936446,82375935,1213532
06-03-2021,Tamil Nadu,217649,214930,1094,,85154095,82590865,1214626
06-03-2021,Tamil Nadu,262728,260849,1545,,85416823,82851714,1216171
06-03-2021,Tamil Nadu,22238,21208,355,,85439061,82872922,1216526
06-03-2021,Tamil Nadu,314098,307522,3855,,85753159,83180444,1220381
06-03-2021,Tamil Nadu,640815,628117,10919,,86393974,83808561,1231300
06-03-2021,Tamil Nadu,3392,3354,2,,86397366,83811915,1231302
06-03-2021,Tamil Nadu,55361,53862,799,,86452727,83865777,1232101
06-03-2021,Tamil Nadu,272811,265372,4414,,86725538,84131149,1236515
06-03-2021,Tamil Nadu,59059,57473,984,,86784597,84188622,1237499
06-03-2021,Tamil Nadu,272215,267261,3056,,87056812,84455883,1240555
06-03-2021,Tamil Nadu,120218,118665,1091,,87177030,84574548,1241646
06-03-2021,Tamil Nadu,126932,124089,1961,,87303962,84698637,1243607
06-03-2021,Tamil Nadu,954393,935421,12359,,88258355,85634058,1255966
06-03-2021,Tamil Nadu,1075228,1027826,4288,,89333583,86661884,1260254
06-03-2021,Tamil Nadu,9830,9656,130,,89343413,86671540,1260384
06-03-2021,Tamil Nadu,474,309,1,,89343887,86671849,1260385
06-03-2021,Tamil Nadu,2208586,2062031,52440,,91552473,88733880,1312825
06-03-2021,Tamil Nadu,13968,13806,148,,91566441,88747686,1312973
06-03-2021,Tamil Nadu,29288,28884,373,,91595729,88776570,1313346
06-03-2021,Tamil Nadu,264214,256819,3868,,91859943,89033389,1317214
06-03-2021,Tamil Nadu,4428,4409,10,,91864371,89037798,1317224
06-03-2021,Tamil Nadu,12211,11952,91,,91876582,89049750,1317315
06-03-2021,Tamil Nadu,337674,334990,1970,,92214256,89384740,1319285
06-03-2021,Tamil Nadu,187348,174274,5910,,92401604,89559014,1325195
06-03-2021,Tamil Nadu,39843,39000,670,,92441447,89598014,1325865
06-03-2021,Tamil Nadu,321356,316864,2789,,92762803,89914878,1328654
06-03-2021,Tamil Nadu,6167,5891,135,,92768970,89920769,1328789
06-03-2021,Tamil Nadu,299742,296166,1640,,93068712,90216935,1330429
06-03-2021,Tamil Nadu,854554,838085,12517,,93923266,91055020,1342946
06-03-2021,Tamil Nadu,33421,32979,388,,93956687,91087999,1343334
06-03-2021,Tamil Nadu,11210622,10866577,157793,,105167309,101954576,1501127
06-03-2021,Tamil Nadu,604164,593704,8729,,105771473,102548280,1509856
06-03-2021,Tamil Nadu,97363,93667,1694,,105868836,102641947,1511550
06-03-2021,Tamil Nadu,576435,562945,10277,,106445271,103204892,1521827
07-03-2021,Tamil Nadu,5024,4955,62,,106450295,103209847,1521889
07-03-2021,Tamil Nadu,890692,882520,7174,,107340987,104092367,1529063
07-03-2021,Tamil Nadu,16839,16780,56,,107357826,104109147,1529119
07-03-2021,Tamil Nadu,217668,214947,1094,,107575494,104324094,1530213
07-03-2021,Tamil Nadu,262758,260899,1546,,107838252,104584993,1531759
07-03-2021,Tamil Nadu,22318,21253,355,,107860570,104606246,1532114
07-03-2021,Tamil Nadu,314320,307642,3858,,108174890,104913888,1535972
07-03-2021,Tamil Nadu,641101,628377,10921,,108815991,105542265,1546893
07-03-2021,Tamil Nadu,3401,3357,2,,108819392,105545622,1546895
07-03-2021,Tamil Nadu,55409,53922,799,,108874801,105599544,1547694
07-03-2021,Tamil Nadu,273386,265831,4415,,109148187,105865375,1552109
07-03-2021,Tamil Nadu,59118,57507,984,,109207305,105922882,1553093
07-03-2021,Tamil Nadu,272520,267433,3056,,109479825,106190315,1556149
07-03-2021,Tamil Nadu,120260,118703,1093,,109600085,106309018,1557242
07-03-2021,Tamil Nadu,127044,124190,1962,,109727129,106433208,1559204
07-03-2021,Tamil Nadu,955015,935772,12362,,110682144,107368980,1571566
07-03-2021,Tamil Nadu,1077328,1031865,4301,,111759472,108400845,1575867
07-03-2021,Tamil Nadu,9831,9657,130,,111769303,108410502,1575997
07-03-2021,Tamil Nadu,487,323,1,,111769790,108410825,1575998
07-03-2021,Tamil Nadu,2219727,2068044,52478,,113989517,110478869,1628476
07-03-2021,Tamil Nadu,13972,13811,148,,114003489,110492680,1628624
07-03-2021,Tamil Nadu,29291,28890,373,,114032780,110521570,1628997
07-03-2021,Tamil Nadu,264643,257166,3871,,114297423,110778736,1632868
07-03-2021,Tamil Nadu,4428,4410,10,,114301851,110783146,1632878
07-03-2021,Tamil Nadu,12217,11953,91,,114314068,110795099,1632969
07-03-2021,Tamil Nadu,337744,335080,1970,,114651812,111130179,1634939
07-03-2021,Tamil Nadu,188391,174967,5927,,114840203,111305146,1640866
07-03-2021,Tamil Nadu,39868,39022,670,,114880071,111344168,1641536
07-03-2021,Tamil Nadu,321532,316988,2789,,115201603,111661156,1644325
07-03-2021,Tamil Nadu,6174,5892,135,,115207777,111667048,1644460
07-03-2021,Tamil Nadu,299900,296373,1641,,115507677,111963421,1646101
07-03-2021,Tamil Nadu,855121,838606,12518,,116362798,112802027,1658619
07-03-2021,Tamil Nadu,33421,32979,388,,116396219,112835006,1659007
07-03-2021,Tamil Nadu,11229272,10880880,157890,,127625491,123715886,1816897
07-03-2021,Tamil Nadu,604279,593895,8737,,128229770,124309781,1825634
07-03-2021,Tamil Nadu,97422,93689,1695,,128327192,124403470,1827329
07-03-2021,Tamil Nadu,576623,563182,10278,,128903815,124966652,1837607
08-03-2021,Tamil Nadu,5026,4957,62,,128908841,124971609,1837669
08-03-2021,Tamil Nadu,890766,882581,7176,,129799607,125854190,1844845
08-03-2021,Tamil Nadu,16839,16780,56,,129816446,125870970,1844901
08-03-2021,Tamil Nadu,217682,214964,1094,,130034128,126085934,1845995
08-03-2021,Tamil Nadu,262779,260942,1547,,130296907,126346876,1847542
08-03-2021,Tamil Nadu,22397,21316,356,,130319304,126368192,1847898
08-03-2021,Tamil Nadu,314640,307862,3859,,130633944,126676054,1851757
08-03-2021,Tamil Nadu,641340,628686,10924,,131275284,127304740,1862681
08-03-2021,Tamil Nadu,3406,3357,2,,131278690,127308097,1862683
08-03-2021,Tamil Nadu,55463,54032,799,,131334153,127362129,1863482
08-03-2021,Tamil Nadu,273941,266313,4416,,131608094,127628442,1867898
08-03-2021,Tamil Nadu,59197,57580,987,,131667291,127686022,1868885
08-03-2021,Tamil Nadu,272751,267610,3058,,131940042,127953632,1871943
08-03-2021,Tamil Nadu,120313,118747,1093,,132060355,128072379,1873036
08-03-2021,Tamil Nadu,127114,124280,1963,,132187469,128196659,1874999
08-03-2021,Tamil Nadu,955451,936250,12367,,133142920,129132909,1887366
08-03-2021,Tamil Nadu,1078740,1034895,4313,,134221660,130167804,1891679
08-03-2021,Tamil Nadu,9833,9659,130,,134231493,130177463,1891809
08-03-2021,Tamil Nadu,495,325,1,,134231988,130177788,1891810
08-03-2021,Tamil Nadu,2228471,2077112,52500,,136460459,132254900,1944310
08-03-2021,Tamil Nadu,13973,13813,148,,136474432,132268713,1944458
08-03-2021,Tamil Nadu,29296,28894,373,,136503728,132297607,1944831
08-03-2021,Tamil Nadu,265070,257560,3872,,136768798,132555167,1948703
08-03-2021,Tamil Nadu,4428,4412,10,,136773226,132559579,1948713
08-03-2021,Tamil Nadu,12217,11954,91,,136785443,132571533,1948804
08-03-2021,Tamil Nadu,337803,335168,1970,,137123246,132906701,1950774
08-03-2021,Tamil Nadu,189620,175659,5941,,137312866,133082360,1956715
08-03-2021,Tamil Nadu,39882,39041,670,,137352748,133121401,1957385
08-03-2021,Tamil Nadu,321711,317039,2789,,137674459,133438440,1960174
08-03-2021,Tamil Nadu,6174,5892,135,,137680633,133444332,1960309
08-03-2021,Tamil Nadu,300011,296562,1642,,137980644,133740894,1961951
08-03-2021,Tamil Nadu,855677,839138,12521,,138836321,134580032,1974472
08-03-2021,Tamil Nadu,33421,32980,388,,138869742,134613012,1974860
08-03-2021,Tamil Nadu,11244625,10897486,157966,,150114367,145510498,2132826
08-03-2021,Tamil Nadu,604380,594008,8738,,150718747,146104506,2141564
08-03-2021,Tamil Nadu,97480,93715,1695,,150816227,146198221,2143259
08-03-2021,Tamil Nadu,576838,563403,10280,,151393065,146761624,2153539
09-03-2021,Tamil Nadu,5028,4958,62,,151398093,146766582,2153601
09-03-2021,Tamil Nadu,890884,882670,7176,,152288977,147649252,2160777
09-03-2021,Tamil Nadu,16839,16780,56,,152305816,147666032,2160833
09-03-2021,Tamil Nadu,217704,214979,1096,,152523520,147881011,2161929
09-03-2021,Tamil Nadu,262820,260975,1547,,152786340,148141986,2163476
09-03-2021,Tamil Nadu,22502,21368,356,,152808842,148163354,2163832
09-03-2021,Tamil Nadu,315030,308143,3864,,153123872,148471497,2167696
09-03-2021,Tamil Nadu,641660,628920,10928,,153765532,149100417,2178624
09-03-2021,Tamil Nadu,3406,3357,2,,153768938,149103774,2178626
09-03-2021,Tamil Nadu,55538,54073,802,,153824476,149157847,2179428
09-03-2021,Tamil Nadu,274522,266766,4418,,154098998,149424613,2183846
09-03-2021,Tamil Nadu,59239,57616,989,,154158237,149482229,2184835
09-03-2021,Tamil Nadu,273087,267762,3062,,154431324,149749991,2187897
09-03-2021,Tamil Nadu,120375,118787,1093,,154551699,149868778,2188990
09-03-2021,Tamil Nadu,127191,124367,1965,,154678890,149993145,2190955
09-03-2021,Tamil Nadu,956041,936616,12373,,155634931,150929761,2203328
09-03-2021,Tamil Nadu,1081056,1039281,4329,,156715987,151969042,2207657
09-03-2021,Tamil Nadu,9835,9662,130,,156725822,151978704,2207787
09-03-2021,Tamil Nadu,510,337,1,,156726332,151979041,2207788
09-03-2021,Tamil Nadu,2238398,2089294,52556,,158964730,154068335,2260344
09-03-2021,Tamil Nadu,13977,13815,148,,158978707,154082150,2260492
09-03-2021,Tamil Nadu,29298,28895,373,,159008005,154111045,2260865
09-03-2021,Tamil Nadu,265527,257942,3874,,159273532,154368987,2264739
09-03-2021,Tamil Nadu,4432,4415,10,,159277964,154373402,2264749
09-03-2021,Tamil Nadu,12217,11955,91,,159290181,154385357,2264840
09-03-2021,Tamil Nadu,337860,335250,1970,,159628041,154720607,2266810
09-03-2021,Tamil Nadu,190647,176164,5961,,159818688,154896771,2272771
09-03-2021,Tamil Nadu,39908,39060,670,,159858596,154935831,2273441
09-03-2021,Tamil Nadu,321890,317138,2789,,160180486,155252969,2276230
09-03-2021,Tamil Nadu,6175,5893,135,,160186661,155258862,2276365
09-03-2021,Tamil Nadu,300153,296740,1644,,160486814,155555602,2278009
09-03-2021,Tamil Nadu,856246,839648,12525,,161343060,156395250,2290534
09-03-2021,Tamil Nadu,33421,32980,388,,161376481,156428230,2290922
09-03-2021,Tamil Nadu,11262498,10918129,158099,,172638979,167346359,2449021
09-03-2021,Tamil Nadu,604527,594109,8740,,173243506,167940468,2457761
09-03-2021,Tamil Nadu,97529,93813,1695,,173341035,168034281,2459456
09-03-2021,Tamil Nadu,577026,563601,10281,,173918061,168597882,2469737
10-03-2021,Tamil Nadu,5028,4960,62,,173923089,168602842,2469799
10-03-2021,Tamil Nadu,891004,882763,7177,,174814093,169485605,2476976
10-03-2021,Tamil Nadu,16840,16780,56,,174830933,169502385,2477032
10-03-2021,Tamil Nadu,217726,214997,1096,,175048659,169717382,2478128
10-03-2021,Tamil Nadu,262864,261013,1548,,175311523,169978395,2479676
10-03-2021,Tamil Nadu,22589,21416,357,,175334112,169999811,2480033
10-03-2021,Tamil Nadu,315486,308269,3872,,175649598,170308080,2483905
10-03-2021,Tamil Nadu,642030,629199,10931,,176291628,170937279,2494836
10-03-2021,Tamil Nadu,3409,3357,2,,176295037,170940636,2494838
10-03-2021,Tamil Nadu,55607,54130,802,,176350644,170994766,2495640
10-03-2021,Tamil Nadu,275197,267250,4418,,176625841,171262016,2500058
10-03-2021,Tamil Nadu,59347,57745,990,,176685188,171319761,2501048
10-03-2021,Tamil Nadu,273446,267942,3064,,176958634,171587703,2504112
10-03-2021,Tamil Nadu,120437,118823,1093,,177079071,171706526,2505205
10-03-2021,Tamil Nadu,127288,124421,1968,,177206359,171830947,2507173
10-03-2021,Tamil Nadu,956801,936947,12379,,178163160,172767894,2519552
10-03-2021,Tamil Nadu,1083531,1043473,4343,,179246691,173811367,2523895
10-03-2021,Tamil Nadu,9838,9669,130,,179256529,173821036,2524025
10-03-2021,Tamil Nadu,525,351,1,,179257054,173821387,2524026
10-03-2021,Tamil Nadu,2252057,2099207,52610,,181509111,175920594,2576636
10-03-2021,Tamil Nadu,13983,13816,148,,181523094,175934410,2576784
10-03-2021,Tamil Nadu,29305,28897,373,,181552399,175963307,2577157
10-03-2021,Tamil Nadu,266043,258251,3877,,181818442,176221558,2581034
10-03-2021,Tamil Nadu,4434,4415,10,,181822876,176225973,2581044
10-03-2021,Tamil Nadu,12217,11963,91,,181835093,176237936,2581135
10-03-2021,Tamil Nadu,337929,335322,1970,,182173022,176573258,2583105
10-03-2021,Tamil Nadu,192040,176660,5978,,182365062,176749918,2589083
10-03-2021,Tamil Nadu,39932,39083,670,,182404994,176789001,2589753
10-03-2021,Tamil Nadu,322078,317257,2789,,182727072,177106258,2592542
10-03-2021,Tamil Nadu,6178,5897,135,,182733250,177112155,2592677
10-03-2021,Tamil Nadu,300342,296916,1646,,183033592,177409071,2594323
10-03-2021,Tamil Nadu,856917,840180,12530,,183890509,178249251,2606853
10-03-2021,Tamil Nadu,33421,32980,388,,183923930,178282231,2607241
10-03-2021,Tamil Nadu,11285349,10936283,158224,,195209279,189218514,2765465
10-03-2021,Tamil Nadu,604648,594219,8740,,195813927,189812733,2774205
10-03-2021,Tamil Nadu,97565,93858,1697,,195911492,189906591,2775902
10-03-2021,Tamil Nadu,577267,563857,10283,,196488759,190470448,2786185
11-03-2021,Tamil Nadu,5028,4960,62,,196493787,190475408,2786247
11-03-2021,Tamil Nadu,891178,882841,7179,,197384965,191358249,2793426
11-03-2021,Tamil Nadu,16840,16780,56,,197401805,191375029,2793482
11-03-2021,Tamil Nadu,217745,215023,1097,,197619550,191590052,2794579
11-03-2021,Tamil Nadu,262909,261037,1548,,197882459,191851089,2796127
11-03-2021,Tamil Nadu,22697,21481,357,,197905156,191872570,2796484
11-03-2021,Tamil Nadu,315864,308452,3875,,198221020,192181022,2800359
11-03-2021,Tamil Nadu,642439,629485,10934,,198863459,192810507,2811293
11-03-2021,Tamil Nadu,3409,3357,2,,198866868,192813864,2811295
11-03-2021,Tamil Nadu,55676,54169,803,,198922544,192868033,2812098
11-03-2021,Tamil Nadu,275907,267701,4418,,199198451,193135734,2816516
11-03-2021,Tamil Nadu,59439,57774,990,,199257890,193193508,2817506
11-03-2021,Tamil Nadu,273888,268144,3065,,199531778,193461652,2820571
11-03-2021,Tamil Nadu,120468,118863,1093,,199652246,193580515,2821664
11-03-2021,Tamil Nadu,127363,124498,1969,,199779609,193705013,2823633
11-03-2021,Tamil Nadu,957584,937353,12381,,200737193,194642366,2836014
11-03-2021,Tamil Nadu,1085664,1047226,4356,,201822857,195689592,2840370
11-03-2021,Tamil Nadu,9840,9669,130,,201832697,195699261,2840500
11-03-2021,Tamil Nadu,570,370,1,,201833267,195699631,2840501
11-03-2021,Tamil Nadu,2266374,2106400,52667,,204099641,197806031,2893168
11-03-2021,Tamil Nadu,13985,13817,148,,204113626,197819848,2893316
11-03-2021,Tamil Nadu,29309,28900,373,,204142935,197848748,2893689
11-03-2021,Tamil Nadu,266573,258598,3881,,204409508,198107346,2897570
11-03-2021,Tamil Nadu,4434,4416,10,,204413942,198111762,2897580
11-03-2021,Tamil Nadu,12217,11963,91,,204426159,198123725,2897671
11-03-2021,Tamil Nadu,337992,335408,1970,,204764151,198459133,2899641
11-03-2021,Tamil Nadu,193345,177280,5996,,204957496,198636413,2905637
11-03-2021,Tamil Nadu,39954,39108,670,,204997450,198675521,2906307
11-03-2021,Tamil Nadu,322281,317350,2789,,205319731,198992871,2909096
11-03-2021,Tamil Nadu,6179,5897,135,,205325910,198998768,2909231
11-03-2021,Tamil Nadu,300536,297032,1649,,205626446,199295800,2910880
11-03-2021,Tamil Nadu,857602,840723,12535,,206484048,200136523,2923415
11-03-2021,Tamil Nadu,33422,32993,388,,206517470,200169516,2923803
11-03-2021,Tamil Nadu,11308647,10951375,158343,,217826117,211120891,3082146
11-03-2021,Tamil Nadu,604791,594308,8741,,218430908,211715199,3090887
11-03-2021,Tamil Nadu,97634,93884,1698,,218528542,211809083,3092585
11-03-2021,Tamil Nadu,577511,564115,10286,,219106053,212373198,3102871
12-03-2021,Tamil Nadu,5029,4961,62,,219111082,212378159,3102933
12-03-2021,Tamil Nadu,891388,882981,7180,,220002470,213261140,3110113
12-03-2021,Tamil Nadu,16840,16780,56,,220019310,213277920,3110169
12-03-2021,Tamil Nadu,217766,215041,1097,,220237076,213492961,3111266
12-03-2021,Tamil Nadu,262937,261064,1549,,220500013,213754025,3112815
12-03-2021,Tamil Nadu,22832,21539,357,,220522845,213775564,3113172
12-03-2021,Tamil Nadu,316311,308854,3880,,220839156,214084418,3117052
12-03-2021,Tamil Nadu,642870,629841,10936,,221482026,214714259,3127988
12-03-2021,Tamil Nadu,3413,3358,2,,221485439,214717617,3127990
12-03-2021,Tamil Nadu,55758,54209,804,,221541197,214771826,3128794
12-03-2021,Tamil Nadu,276622,268196,4420,,221817819,215040022,3133214
12-03-2021,Tamil Nadu,59527,57818,990,,221877346,215097840,3134204
12-03-2021,Tamil Nadu,274273,268397,3069,,222151619,215366237,3137273
12-03-2021,Tamil Nadu,120525,118922,1093,,222272144,215485159,3138366
12-03-2021,Tamil Nadu,127436,124578,1971,,222399580,215609737,3140337
12-03-2021,Tamil Nadu,958417,937898,12386,,223357997,216547635,3152723
12-03-2021,Tamil Nadu,1087444,1050603,4370,,224445441,217598238,3157093
12-03-2021,Tamil Nadu,9846,9686,130,,224455287,217607924,3157223
12-03-2021,Tamil Nadu,588,376,1,,224455875,217608300,3157224
12-03-2021,Tamil Nadu,2282191,2117744,52723,,226738066,219726044,3209947
12-03-2021,Tamil Nadu,13986,13818,148,,226752052,219739862,3210095
12-03-2021,Tamil Nadu,29310,28907,373,,226781362,219768769,3210468
12-03-2021,Tamil Nadu,267176,258958,3883,,227048538,220027727,3214351
12-03-2021,Tamil Nadu,4435,4416,10,,227052973,220032143,3214361
12-03-2021,Tamil Nadu,12221,11966,91,,227065194,220044109,3214452
12-03-2021,Tamil Nadu,338056,335499,1971,,227403250,220379608,3216423
12-03-2021,Tamil Nadu,194753,178271,6030,,227598003,220557879,3222453
12-03-2021,Tamil Nadu,39984,39128,670,,227637987,220597007,3223123
12-03-2021,Tamil Nadu,322518,317487,2789,,227960505,220914494,3225912
12-03-2021,Tamil Nadu,6183,5897,135,,227966688,220920391,3226047
12-03-2021,Tamil Nadu,300717,297195,1650,,228267405,221217586,3227697
12-03-2021,Tamil Nadu,858272,841250,12539,,229125677,222058836,3240236
12-03-2021,Tamil Nadu,33422,32993,388,,229159099,222091829,3240624
12-03-2021,Tamil Nadu,11333492,10971347,158483,,240492591,233063176,3399107
12-03-2021,Tamil Nadu,604958,594396,8743,,241097549,233657572,3407850
12-03-2021,Tamil Nadu,97700,93952,1700,,241195249,233751524,3409550
12-03-2021,Tamil Nadu,577788,564368,10287,,241773037,234315892,3419837
13-03-2021,Tamil Nadu,5030,4964,62,,241778067,234320856,3419899
13-03-2021,Tamil Nadu,891563,883113,7182,,242669630,235203969,3427081
13-03-2021,Tamil Nadu,16840,16781,56,,242686470,235220750,3427137
13-03-2021,Tamil Nadu,217780,215063,1098,,242904250,235435813,3428235
13-03-2021,Tamil Nadu,262975,261092,1550,,243167225,235696905,3429785
13-03-2021,Tamil Nadu,22976,21586,358,,243190201,235718491,3430143
13-03-2021,Tamil Nadu,316854,309198,3886,,243507055,236027689,3434029
13-03-2021,Tamil Nadu,643289,630143,10939,,244150344,236657832,3444968
13-03-2021,Tamil Nadu,3417,3358,2,,244153761,236661190,3444970
13-03-2021,Tamil Nadu,55851,54279,805,,244209612,236715469,3445775
13-03-2021,Tamil Nadu,277397,268775,4422,,244487009,236984244,3450197
13-03-2021,Tamil Nadu,59597,57848,991,,244546606,237042092,3451188
13-03-2021,Tamil Nadu,274697,268672,3073,,244821303,237310764,3454261
13-03-2021,Tamil Nadu,120568,118959,1093,,244941871,237429723,3455354
13-03-2021,Tamil Nadu,127535,124680,1974,,245069406,237554403,3457328
13-03-2021,Tamil Nadu,959338,938890,12387,,246028744,238493293,3469715
13-03-2021,Tamil Nadu,1089479,1053859,4382,,247118223,239547152,3474097
13-03-2021,Tamil Nadu,9847,9686,130,,247128070,239556838,3474227
13-03-2021,Tamil Nadu,604,390,1,,247128674,239557228,3474228
13-03-2021,Tamil Nadu,2297793,2125211,52811,,249426467,241682439,3527039
13-03-2021,Tamil Nadu,13992,13818,148,,249440459,241696257,3527187
13-03-2021,Tamil Nadu,29311,28911,373,,249469770,241725168,3527560
13-03-2021,Tamil Nadu,267851,259454,3885,,249737621,241984622,3531445
13-03-2021,Tamil Nadu,4435,4416,10,,249742056,241989038,3531455
13-03-2021,Tamil Nadu,12225,11966,91,,249754281,242001004,3531546
13-03-2021,Tamil Nadu,338121,335569,1971,,250092402,242336573,3533517
13-03-2021,Tamil Nadu,196263,179295,6052,,250288665,242515868,3539569
13-03-2021,Tamil Nadu,40015,39154,670,,250328680,242555022,3540239
13-03-2021,Tamil Nadu,322719,317601,2789,,250651399,242872623,3543028
13-03-2021,Tamil Nadu,6184,5905,135,,250657583,242878528,3543163
13-03-2021,Tamil Nadu,300933,297363,1652,,250958516,243175891,3544815
13-03-2021,Tamil Nadu,858967,841762,12543,,251817483,244017653,3557358
13-03-2021,Tamil Nadu,33424,33003,388,,251850907,244050656,3557746
13-03-2021,Tamil Nadu,11358646,10987855,158642,,263209553,255038511,3716388
13-03-2021,Tamil Nadu,604958,594396,8743,,263814511,255632907,3725131
13-03-2021,Tamil Nadu,97754,94058,1702,,263912265,255726965,3726833
13-03-2021,Tamil Nadu,578064,564637,10288,,264490329,256291602,3737121
14-03-2021,Tamil Nadu,5031,4964,62,,264495360,256296566,3737183
14-03-2021,Tamil Nadu,891861,883277,7184,,265387221,257179843,3744367
14-03-2021,Tamil Nadu,16840,16781,56,,265404061,257196624,3744423
14-03-2021,Tamil Nadu,217797,215080,1098,,265621858,257411704,3745521
