14-03-2021,Telangana,263025,261136,1551,,263025,261136,1551
14-03-2021,Telangana,23096,21650,358,,286121,282786,1909
14-03-2021,Telangana,317329,309433,3890,,603450,592219,5799
14-03-2021,Telangana,643696,630493,10941,,1247146,1222712,16740
14-03-2021,Telangana,3420,3358,2,,1250566,1226070,16742
14-03-2021,Telangana,55917,54362,806,,1306483,1280432,17548
14-03-2021,Telangana,278207,269361,4424,,1584690,1549793,21972
14-03-2021,Telangana,59675,57908,993,,1644365,1607701,22965
14-03-2021,Telangana,275137,268968,3074,,1919502,1876669,26039
14-03-2021,Telangana,120629,118987,1093,,2040131,1995656,27132
14-03-2021,Telangana,127640,124746,1974,,2167771,2120402,29106
14-03-2021,Telangana,960272,939499,12390,,3128043,3059901,41496
14-03-2021,Telangana,1091271,1057097,4397,,4219314,4116998,45893
14-03-2021,Telangana,9847,9686,130,,4229161,4126684,46023
14-03-2021,Telangana,605,396,1,,4229766,4127080,46024
14-03-2021,Telangana,2314413,2134072,52861,,6544179,6261152,98885
14-03-2021,Telangana,13997,13820,148,,6558176,6274972,99033
14-03-2021,Telangana,29313,28914,373,,6587489,6303886,99406
14-03-2021,Telangana,268594,259967,3887,,6856083,6563853,103293
14-03-2021,Telangana,4436,4416,10,,6860519,6568269,103303
14-03-2021,Telangana,12225,11966,91,,6872744,6580235,103394
14-03-2021,Telangana,338192,335660,1971,,7210936,6915895,105365
14-03-2021,Telangana,197755,180133,6072,,7408691,7096028,111437
14-03-2021,Telangana,40030,39169,671,,7448721,7135197,112108
14-03-2021,Telangana,322969,317726,2790,,7771690,7452923,114898
14-03-2021,Telangana,6184,5906,135,,7777874,7458829,115033
14-03-2021,Telangana,301161,297515,1653,,8079035,7756344,116686
14-03-2021,Telangana,859726,842309,12547,,8938761,8598653,129233
14-03-2021,Telangana,33426,33003,388,,8972187,8631656,129621
14-03-2021,Telangana,11385159,11005445,158762,,20357346,19637101,288383
14-03-2021,Telangana,605290,594693,8746,,20962636,20231794,297129
14-03-2021,Telangana,97806,94082,1703,,21060442,20325876,298832
14-03-2021,Telangana,578347,564912,10292,,21638789,20890788,309124
15-03-2021,Telangana,5031,4966,62,,21643820,20895754,309186
15-03-2021,Telangana,892008,883380,7185,,22535828,21779134,316371
15-03-2021,Telangana,16840,16783,56,,22552668,21795917,316427
15-03-2021,Telangana,217817,215106,1099,,22770485,22011023,317526
15-03-2021,Telangana,263051,261171,1552,,23033536,22272194,319078
15-03-2021,Telangana,23244,21720,358,,23056780,22293914,319436
15-03-2021,Telangana,317974,309979,3897,,23374754,22603893,323333
15-03-2021,Telangana,644064,630799,10944,,24018818,23234692,334277
15-03-2021,Telangana,3422,3360,2,,24022240,23238052,334279
15-03-2021,Telangana,56006,54424,807,,24078246,23292476,335086
15-03-2021,Telangana,279097,269955,4425,,24357343,23562431,339511
15-03-2021,Telangana,59750,57982,997,,24417093,23620413,340508
15-03-2021,Telangana,275557,269268,3077,,24692650,23889681,343585
15-03-2021,Telangana,120696,119046,1093,,24813346,24008727,344678
15-03-2021,Telangana,127734,124823,1974,,24941080,24133550,346652
15-03-2021,Telangana,961204,939928,12397,,25902284,25073478,359049
15-03-2021,Telangana,1092325,1060560,4408,,26994609,26134038,363457
15-03-2021,Telangana,9852,9688,130,,27004461,26143726,363587
15-03-2021,Telangana,607,412,1,,27005068,26144138,363588
15-03-2021,Telangana,2329464,2144743,52909,,29334532,28288881,416497
15-03-2021,Telangana,13997,13820,148,,29348529,28302701,416645
15-03-2021,Telangana,29313,28916,373,,29377842,28331617,417018
15-03-2021,Telangana,269391,260477,3890,,29647233,28592094,420908
15-03-2021,Telangana,4437,4417,10,,29651670,28596511,420918
15-03-2021,Telangana,12225,11966,91,,29663895,28608477,421009
15-03-2021,Telangana,338258,335730,1971,,30002153,28944207,422980
15-03-2021,Telangana,199573,181532,6099,,30201726,29125739,429079
15-03-2021,Telangana,40044,39186,672,,30241770,29164925,429751
15-03-2021,Telangana,323220,317858,2790,,30564990,29482783,432541
15-03-2021,Telangana,6184,5911,135,,30571174,29488694,432676
15-03-2021,Telangana,301318,297681,1654,,30872492,29786375,434330
15-03-2021,Telangana,860562,842862,12551,,31733054,30629237,446881
15-03-2021,Telangana,33426,33003,388,,31766480,30662240,447269
15-03-2021,Telangana,11409596,11025631,158892,,43176076,41687871,606161
15-03-2021,Telangana,605441,594855,8748,,43781517,42282726,614909
15-03-2021,Telangana,97866,94168,1704,,43879383,42376894,616613
15-03-2021,Telangana,578598,565156,10295,,44457981,42942050,626908
16-03-2021,Telangana,5032,4967,62,,44463013,42947017,626970
16-03-2021,Telangana,892269,883505,7185,,45355282,43830522,634155
16-03-2021,Telangana,16841,16783,56,,45372123,43847305,634211
16-03-2021,Telangana,217839,215127,1099,,45589962,44062432,635310
16-03-2021,Telangana,263100,261200,1553,,45853062,44323632,636863
16-03-2021,Telangana,23391,21833,359,,45876453,44345465,637222
16-03-2021,Telangana,318830,310260,3909,,46195283,44655725,641131
16-03-2021,Telangana,644489,631056,10945,,46839772,45286781,652076
16-03-2021,Telangana,3427,3369,2,,46843199,45290150,652078
16-03-2021,Telangana,56100,54497,811,,46899299,45344647,652889
16-03-2021,Telangana,280051,270658,4427,,47179350,45615305,657316
16-03-2021,Telangana,59869,58037,998,,47239219,45673342,658314
16-03-2021,Telangana,276080,269517,3079,,47515299,45942859,661393
16-03-2021,Telangana,120772,119100,1094,,47636071,46061959,662487
16-03-2021,Telangana,127831,124882,1976,,47763902,46186841,664463
16-03-2021,Telangana,962339,940489,12403,,48726241,47127330,676866
16-03-2021,Telangana,1094295,1063444,4423,,49820536,48190774,681289
16-03-2021,Telangana,9863,9690,130,,49830399,48200464,681419
16-03-2021,Telangana,626,453,1,,49831025,48200917,681420
16-03-2021,Telangana,2347328,2154253,52996,,52178353,50355170,734416
16-03-2021,Telangana,14000,13821,148,,52192353,50368991,734564
16-03-2021,Telangana,29315,28918,373,,52221668,50397909,734937
16-03-2021,Telangana,270208,261031,3891,,52491876,50658940,738828
16-03-2021,Telangana,4439,4417,10,,52496315,50663357,738838
16-03-2021,Telangana,12225,11966,91,,52508540,50675323,738929
16-03-2021,Telangana,338323,335796,1971,,52846863,51011119,740900
16-03-2021,Telangana,201036,182283,6137,,53047899,51193402,747037
16-03-2021,Telangana,40068,39215,673,,53087967,51232617,747710
16-03-2021,Telangana,323461,318009,2791,,53411428,51550626,750501
16-03-2021,Telangana,6191,5915,135,,53417619,51556541,750636
16-03-2021,Telangana,301522,297851,1656,,53719141,51854392,752292
16-03-2021,Telangana,861429,843423,12556,,54580570,52697815,764848
16-03-2021,Telangana,33437,33006,388,,54614007,52730821,765236
16-03-2021,Telangana,11438465,11043377,159079,,66052472,63774198,924315
16-03-2021,Telangana,605655,594993,8750,,66658127,64369191,933065
16-03-2021,Telangana,97931,94215,1704,,66756058,64463406,934769
16-03-2021,Telangana,578853,565398,10297,,67334911,65028804,945066
17-03-2021,Telangana,5035,4967,62,,67339946,65033771,945128
17-03-2021,Telangana,892522,883642,7186,,68232468,65917413,952314
17-03-2021,Telangana,16841,16783,56,,68249309,65934196,952370
17-03-2021,Telangana,217872,215146,1099,,68467181,66149342,953469
17-03-2021,Telangana,263158,261240,1554,,68730339,66410582,955023
17-03-2021,Telangana,23592,21903,359,,68753931,66432485,955382
17-03-2021,Telangana,319717,310503,3915,,69073648,66742988,959297
17-03-2021,Telangana,645025,631375,10948,,69718673,67374363,970245
17-03-2021,Telangana,3427,3369,2,,69722100,67377732,970247
17-03-2021,Telangana,56173,54556,812,,69778273,67432288,971059
17-03-2021,Telangana,281173,271433,4430,,70059446,67703721,975489
17-03-2021,Telangana,60036,58089,998,,70119482,67761810,976487
17-03-2021,Telangana,276635,269812,3083,,70396117,68031622,979570
17-03-2021,Telangana,120854,119160,1094,,70516971,68150782,980664
17-03-2021,Telangana,127957,124972,1977,,70644928,68275754,982641
17-03-2021,Telangana,963614,940968,12407,,71608542,69216722,995048
17-03-2021,Telangana,1096393,1066259,4436,,72704935,70282981,999484
17-03-2021,Telangana,9865,9691,130,,72714800,70292672,999614
17-03-2021,Telangana,640,455,1,,72715440,70293127,999615
17-03-2021,Telangana,2370507,2163391,53080,,75085947,72456518,1052695
17-03-2021,Telangana,14002,13824,148,,75099949,72470342,1052843
17-03-2021,Telangana,29323,28922,373,,75129272,72499264,1053216
17-03-2021,Telangana,271040,261531,3893,,75400312,72760795,1057109
17-03-2021,Telangana,4442,4417,10,,75404754,72765212,1057119
17-03-2021,Telangana,12225,11973,91,,75416979,72777185,1057210
17-03-2021,Telangana,338405,335857,1971,,75755384,73113042,1059181
17-03-2021,Telangana,203049,183557,6172,,75958433,73296599,1065353
17-03-2021,Telangana,40120,39233,673,,75998553,73335832,1066026
17-03-2021,Telangana,323774,318132,2791,,76322327,73653964,1068817
17-03-2021,Telangana,6194,5916,135,,76328521,73659880,1068952
17-03-2021,Telangana,301769,298009,1659,,76630290,73957889,1070611
17-03-2021,Telangana,862374,843999,12564,,77492664,74801888,1083175
17-03-2021,Telangana,33438,33016,388,,77526102,74834904,1083563
17-03-2021,Telangana,11474303,11061170,159250,,89000405,85896074,1242813
17-03-2021,Telangana,605915,595150,8751,,89606320,86491224,1251564
17-03-2021,Telangana,98041,94250,1704,,89704361,86585474,1253268
17-03-2021,Telangana,579156,565670,10298,,90283517,87151144,1263566
18-03-2021,Telangana,5036,4969,62,,90288553,87156113,1263628
18-03-2021,Telangana,892740,883759,7186,,91181293,88039872,1270814
18-03-2021,Telangana,16842,16783,56,,91198135,88056655,1270870
18-03-2021,Telangana,217905,215160,1100,,91416040,88271815,1271970
18-03-2021,Telangana,263265,261304,1555,,91679305,88533119,1273525
18-03-2021,Telangana,23803,21978,359,,91703108,88555097,1273884
18-03-2021,Telangana,320783,310838,3920,,92023891,88865935,1277804
18-03-2021,Telangana,645632,631759,10949,,92669523,89497694,1288753
18-03-2021,Telangana,3436,3374,2,,92672959,89501068,1288755
18-03-2021,Telangana,56271,54597,813,,92729230,89555665,1289568
18-03-2021,Telangana,282449,272332,4433,,93011679,89827997,1294001
18-03-2021,Telangana,60207,58150,1000,,93071886,89886147,1295001
18-03-2021,Telangana,277268,270222,3089,,93349154,90156369,1298090
18-03-2021,Telangana,120951,119232,1094,,93470105,90275601,1299184
18-03-2021,Telangana,128097,125046,1978,,93598202,90400647,1301162
18-03-2021,Telangana,965102,941309,12415,,94563304,91341956,1313577
18-03-2021,Telangana,1098292,1068378,4451,,95661596,92410334,1318028
18-03-2021,Telangana,9876,9695,130,,95671472,92420029,1318158
18-03-2021,Telangana,645,466,1,,95672117,92420495,1318159
18-03-2021,Telangana,2396340,2175565,53138,,98068457,94596060,1371297
18-03-2021,Telangana,14005,13825,148,,98082462,94609885,1371445
18-03-2021,Telangana,29325,28924,373,,98111787,94638809,1371818
18-03-2021,Telangana,271957,262031,3894,,98383744,94900840,1375712
18-03-2021,Telangana,4445,4421,11,,98388189,94905261,1375723
18-03-2021,Telangana,12225,11973,91,,98400414,94917234,1375814
18-03-2021,Telangana,338489,335923,1971,,98738903,95253157,1377785
18-03-2021,Telangana,205418,184848,6204,,98944321,95438005,1383989
18-03-2021,Telangana,40201,39251,674,,98984522,95477256,1384663
18-03-2021,Telangana,324101,318284,2794,,99308623,95795540,1387457
18-03-2021,Telangana,6196,5916,135,,99314819,95801456,1387592
18-03-2021,Telangana,302047,298120,1662,,99616866,96099576,1389254
18-03-2021,Telangana,863363,844568,12573,,100480229,96944144,1401827
18-03-2021,Telangana,33441,33018,388,,100513670,96977162,1402215
18-03-2021,Telangana,11513990,11081526,159406,,112027660,108058688,1561621
18-03-2021,Telangana,606229,595259,8753,,112633889,108653947,1570374
18-03-2021,Telangana,98129,94311,1704,,112732018,108748258,1572078
18-03-2021,Telangana,579479,565938,10300,,113311497,109314196,1582378
19-03-2021,Telangana,5038,4969,62,,113316535,109319165,1582440
19-03-2021,Telangana,892986,883890,7187,,114209521,110203055,1589627
19-03-2021,Telangana,16842,16783,56,,114226363,110219838,1589683
19-03-2021,Telangana,217924,215183,1100,,114444287,110435021,1590783
19-03-2021,Telangana,263355,261362,1556,,114707642,110696383,1592339
19-03-2021,Telangana,24017,22060,360,,114731659,110718443,1592699
19-03-2021,Telangana,321880,311198,3929,,115053539,111029641,1596628
19-03-2021,Telangana,646348,632230,10953,,115699887,111661871,1607581
19-03-2021,Telangana,3446,3376,2,,115703333,111665247,1607583
19-03-2021,Telangana,56371,54657,815,,115759704,111719904,1608398
19-03-2021,Telangana,283864,273280,4437,,116043568,111993184,1612835
19-03-2021,Telangana,60389,58248,1003,,116103957,112051432,1613838
19-03-2021,Telangana,278140,270670,3090,,116382097,112322102,1616928
19-03-2021,Telangana,121056,119307,1095,,116503153,112441409,1618023
19-03-2021,Telangana,128249,125118,1979,,116631402,112566527,1620002
19-03-2021,Telangana,966689,942178,12425,,117598091,113508705,1632427
19-03-2021,Telangana,1100276,1070343,4468,,118698367,114579048,1636895
19-03-2021,Telangana,9881,9698,130,,118708248,114588746,1637025
19-03-2021,Telangana,648,485,1,,118708896,114589231,1637026
19-03-2021,Telangana,2422021,2189965,53208,,121130917,116779196,1690234
19-03-2021,Telangana,14008,13829,148,,121144925,116793025,1690382
19-03-2021,Telangana,29326,28929,373,,121174251,116821954,1690755
19-03-2021,Telangana,273097,262587,3901,,121447348,117084541,1694656
19-03-2021,Telangana,4445,4421,11,,121451793,117088962,1694667
19-03-2021,Telangana,12225,11978,91,,121464018,117100940,1694758
19-03-2021,Telangana,338599,335994,1971,,121802617,117436934,1696729
19-03-2021,Telangana,207888,186187,6242,,122010505,117623121,1702971
19-03-2021,Telangana,40262,39271,674,,122050767,117662392,1703645
19-03-2021,Telangana,324503,318586,2796,,122375270,117980978,1706441
19-03-2021,Telangana,6199,5918,135,,122381469,117986896,1706576
19-03-2021,Telangana,302360,298262,1664,,122683829,118285158,1708240
19-03-2021,Telangana,864450,845178,12582,,123548279,119130336,1720822
19-03-2021,Telangana,33451,33019,388,,123581730,119163355,1721210
19-03-2021,Telangana,11554896,11105149,159594,,135136626,130268504,1880804
19-03-2021,Telangana,606609,595382,8757,,135743235,130863886,1889561
19-03-2021,Telangana,98228,94380,1704,,135841463,130958266,1891265
19-03-2021,Telangana,579826,566228,10301,,136421289,131524494,1901566
20-03-2021,Telangana,5038,4969,62,,136426327,131529463,1901628
20-03-2021,Telangana,893366,884094,7189,,137319693,132413557,1908817
20-03-2021,Telangana,16842,16783,56,,137336535,132430340,1908873
20-03-2021,Telangana,217951,215201,1100,,137554486,132645541,1909973
20-03-2021,Telangana,263443,261413,1557,,137817929,132906954,1911530
20-03-2021,Telangana,24220,22142,361,,137842149,132929096,1911891
20-03-2021,Telangana,323153,311520,3940,,138165302,133240616,1915831
20-03-2021,Telangana,647161,632797,10955,,138812463,133873413,1926786
20-03-2021,Telangana,3453,3377,2,,138815916,133876790,1926788
20-03-2021,Telangana,56525,54713,815,,138872441,133931503,1927603
20-03-2021,Telangana,285429,274249,4443,,139157870,134205752,1932046
20-03-2021,Telangana,60537,58315,1004,,139218407,134264067,1933050
20-03-2021,Telangana,278961,271038,3093,,139497368,134535105,1936143
20-03-2021,Telangana,121179,119361,1095,,139618547,134654466,1937238
20-03-2021,Telangana,128389,125218,1980,,139746936,134779684,1939218
20-03-2021,Telangana,968487,943208,12432,,140715423,135722892,1951650
20-03-2021,Telangana,1102354,1072554,4483,,141817777,136795446,1956133
20-03-2021,Telangana,9906,9703,130,,141827683,136805149,1956263
20-03-2021,Telangana,648,512,1,,141828331,136805661,1956264
20-03-2021,Telangana,2449147,2203553,53300,,144277478,139009214,2009564
20-03-2021,Telangana,14012,13835,149,,144291490,139023049,2009713
20-03-2021,Telangana,29332,28931,373,,144320822,139051980,2010086
20-03-2021,Telangana,274405,263158,3903,,144595227,139315138,2013989
20-03-2021,Telangana,4446,4421,11,,144599673,139319559,2014000
20-03-2021,Telangana,12225,11978,91,,144611898,139331537,2014091
20-03-2021,Telangana,338719,336066,1971,,144950617,139667603,2016062
20-03-2021,Telangana,210466,187198,6280,,145161083,139854801,2022342
20-03-2021,Telangana,40322,39295,674,,145201405,139894096,2023016
20-03-2021,Telangana,324948,318842,2796,,145526353,140212938,2025812
20-03-2021,Telangana,6204,5919,135,,145532557,140218857,2025947
20-03-2021,Telangana,302724,298451,1666,,145835281,140517308,2027613
20-03-2021,Telangana,865693,845812,12590,,146700974,141363120,2040203
20-03-2021,Telangana,33456,33020,388,,146734430,141396140,2040591
20-03-2021,Telangana,11598711,11128120,159790,,158333141,152524260,2200381
20-03-2021,Telangana,607050,595518,8758,,158940191,153119778,2209139
20-03-2021,Telangana,98311,94430,1704,,159038502,153214208,2210843
20-03-2021,Telangana,580209,566526,10303,,159618711,153780734,2221146
21-03-2021,Telangana,5039,4969,62,,159623750,153785703,2221208
21-03-2021,Telangana,893734,884357,7189,,160517484,154670060,2228397
21-03-2021,Telangana,16842,16783,56,,160534326,154686843,2228453
21-03-2021,Telangana,217976,215213,1100,,160752302,154902056,2229553
21-03-2021,Telangana,263569,261487,1559,,161015871,155163543,2231112
21-03-2021,Telangana,24459,22225,362,,161040330,155185768,2231474
21-03-2021,Telangana,324153,311761,3950,,161364483,155497529,2235424
21-03-2021,Telangana,647984,633410,10956,,162012467,156130939,2246380
21-03-2021,Telangana,3463,3379,2,,162015930,156134318,2246382
21-03-2021,Telangana,56623,54792,818,,162072553,156189110,2247200
21-03-2021,Telangana,287009,275238,4450,,162359562,156464348,2251650
21-03-2021,Telangana,60678,58398,1005,,162420240,156522746,2252655
21-03-2021,Telangana,279828,271375,3098,,162700068,156794121,2255753
21-03-2021,Telangana,121262,119409,1096,,162821330,156913530,2256849
21-03-2021,Telangana,128547,125276,1981,,162949877,157038806,2258830
21-03-2021,Telangana,970202,944256,12434,,163920079,157983062,2271264
21-03-2021,Telangana,1104229,1074805,4496,,165024308,159057867,2275760
21-03-2021,Telangana,9908,9704,130,,165034216,159067571,2275890
21-03-2021,Telangana,666,532,1,,165034882,159068103,2275891
21-03-2021,Telangana,2479682,2214867,53399,,167514564,161282970,2329290
21-03-2021,Telangana,14012,13835,149,,167528576,161296805,2329439
21-03-2021,Telangana,29335,28933,373,,167557911,161325738,2329812
21-03-2021,Telangana,275727,263821,3906,,167833638,161589559,2333718
21-03-2021,Telangana,4447,4421,11,,167838085,161593980,2333729
21-03-2021,Telangana,12225,11978,91,,167850310,161605958,2333820
21-03-2021,Telangana,338817,336124,1972,,168189127,161942082,2335792
21-03-2021,Telangana,213110,188529,6324,,168402237,162130611,2342116
21-03-2021,Telangana,40386,39316,675,,168442623,162169927,2342791
21-03-2021,Telangana,325424,319041,2798,,168768047,162488968,2345589
21-03-2021,Telangana,6206,5920,135,,168774253,162494888,2345724
21-03-2021,Telangana,303118,298645,1669,,169077371,162793533,2347393
21-03-2021,Telangana,866982,846480,12599,,169944353,163640013,2359992
21-03-2021,Telangana,33461,33020,388,,169977814,163673033,2360380
21-03-2021,Telangana,11645720,11149325,160003,,181623534,174822358,2520383
21-03-2021,Telangana,607538,595743,8759,,182231072,175418101,2529142
21-03-2021,Telangana,98448,94462,1704,,182329520,175512563,2530846
21-03-2021,Telangana,580631,566821,10306,,182910151,176079384,2541152
22-03-2021,Telangana,5039,4969,62,,182915190,176084353,2541214
22-03-2021,Telangana,894044,884471,7191,,183809234,176968824,2548405
22-03-2021,Telangana,16842,16784,56,,183826076,176985608,2548461
22-03-2021,Telangana,218006,215235,1101,,184044082,177200843,2549562
22-03-2021,Telangana,263659,261537,1561,,184307741,177462380,2551123
22-03-2021,Telangana,24667,22325,363,,184332408,177484705,2551486
22-03-2021,Telangana,325678,312511,3962,,184658086,177797216,2555448
22-03-2021,Telangana,648872,633975,10963,,185306958,178431191,2566411
22-03-2021,Telangana,3467,3383,2,,185310425,178434574,2566413
22-03-2021,Telangana,56708,54873,818,,185367133,178489447,2567231
22-03-2021,Telangana,288649,276348,4454,,185655782,178765795,2571685
22-03-2021,Telangana,60878,58466,1008,,185716660,178824261,2572693
22-03-2021,Telangana,280693,271894,3101,,185997353,179096155,2575794
22-03-2021,Telangana,121372,119478,1097,,186118725,179215633,2576891
22-03-2021,Telangana,128679,125362,1981,,186247404,179340995,2578872
22-03-2021,Telangana,971647,944917,12444,,187219051,180285912,2591316
22-03-2021,Telangana,1105468,1076571,4508,,188324519,181362483,2595824
22-03-2021,Telangana,9920,9707,130,,188334439,181372190,2595954
22-03-2021,Telangana,691,576,1,,188335130,181372766,2595955
22-03-2021,Telangana,2504327,2234330,53457,,190839457,183607096,2649412
22-03-2021,Telangana,14016,13838,149,,190853473,183620934,2649561
22-03-2021,Telangana,29339,28933,373,,190882812,183649867,2649934
22-03-2021,Telangana,277075,264575,3908,,191159887,183914442,2653842
22-03-2021,Telangana,4448,4421,11,,191164335,183918863,2653853
22-03-2021,Telangana,12225,11978,91,,191176560,183930841,2653944
22-03-2021,Telangana,338963,336206,1972,,191515523,184267047,2655916
22-03-2021,Telangana,215409,190399,6382,,191730932,184457446,2662298
22-03-2021,Telangana,40433,39345,676,,191771365,184496791,2662974
22-03-2021,Telangana,326026,319217,2803,,192097391,184816008,2665777
22-03-2021,Telangana,6206,5925,135,,192103597,184821933,2665912
22-03-2021,Telangana,303455,298826,1671,,192407052,185120759,2667583
22-03-2021,Telangana,868367,847139,12609,,193275419,185967898,2680192
22-03-2021,Telangana,33461,33020,388,,193308880,186000918,2680580
22-03-2021,Telangana,11686356,11179104,160200,,204995236,197180022,2840780
22-03-2021,Telangana,608076,595920,8760,,205603312,197775942,2849540
22-03-2021,Telangana,98552,94533,1704,,205701864,197870475,2851244
22-03-2021,Telangana,580999,567117,10308,,206282863,198437592,2861552
23-03-2021,Telangana,5039,4972,62,,206287902,198442564,2861614
23-03-2021,Telangana,894536,884727,7193,,207182438,199327291,2868807
23-03-2021,Telangana,16842,16784,56,,207199280,199344075,2868863
23-03-2021,Telangana,218058,215262,1102,,207417338,199559337,2869965
23-03-2021,Telangana,263770,261583,1563,,207681108,199820920,2871528
23-03-2021,Telangana,24881,22451,364,,207705989,199843371,2871892
23-03-2021,Telangana,327588,313115,3982,,208033577,200156486,2875874
23-03-2021,Telangana,649973,634595,10967,,208683550,200791081,2886841
23-03-2021,Telangana,3474,3385,2,,208687024,200794466,2886843
23-03-2021,Telangana,56841,54931,821,,208743865,200849397,2887664
23-03-2021,Telangana,290379,277603,4458,,209034244,201127000,2892122
23-03-2021,Telangana,61035,58550,1012,,209095279,201185550,2893134
23-03-2021,Telangana,281588,272335,3104,,209376867,201457885,2896238
23-03-2021,Telangana,121502,119549,1098,,209498369,201577434,2897336
23-03-2021,Telangana,128836,125443,1983,,209627205,201702877,2899319
23-03-2021,Telangana,973657,945594,12449,,210600862,202648471,2911768
23-03-2021,Telangana,1107453,1078743,4518,,211708315,203727214,2916286
23-03-2021,Telangana,9929,9709,130,,211718244,203736923,2916416
23-03-2021,Telangana,697,587,1,,211718941,203737510,2916417
23-03-2021,Telangana,2533026,2247495,53589,,214251967,205985005,2970006
23-03-2021,Telangana,14017,13843,149,,214265984,205998848,2970155
23-03-2021,Telangana,29352,28935,373,,214295336,206027783,2970528
23-03-2021,Telangana,278577,265373,3912,,214573913,206293156,2974440
23-03-2021,Telangana,4451,4423,11,,214578364,206297579,2974451
23-03-2021,Telangana,12225,11978,91,,214590589,206309557,2974542
23-03-2021,Telangana,339076,336266,1972,,214929665,206645823,2976514
23-03-2021,Telangana,217663,191825,6435,,215147328,206837648,2982949
23-03-2021,Telangana,40520,39363,677,,215187848,206877011,2983626
23-03-2021,Telangana,326506,319437,2807,,215514354,207196448,2986433
23-03-2021,Telangana,6208,5934,135,,215520562,207202382,2986568
23-03-2021,Telangana,303867,299042,1674,,215824429,207501424,2988242
23-03-2021,Telangana,869804,848041,12618,,216694233,208349465,3000860
23-03-2021,Telangana,33467,33021,389,,216727700,208382486,3001249
23-03-2021,Telangana,11733595,11203017,160477,,228461295,219585503,3161726
23-03-2021,Telangana,608709,596101,8764,,229070004,220181604,3170490
23-03-2021,Telangana,98646,94585,1706,,229168650,220276189,3172196
23-03-2021,Telangana,581403,567437,10310,,229750053,220843626,3182506
24-03-2021,Telangana,5041,4973,62,,229755094,220848599,3182568
24-03-2021,Telangana,895121,884978,7197,,230650215,221733577,3189765
24-03-2021,Telangana,16842,16785,56,,230667057,221750362,3189821
24-03-2021,Telangana,218099,215277,1103,,230885156,221965639,3190924
24-03-2021,Telangana,263940,261648,1565,,231149096,222227287,3192489
24-03-2021,Telangana,25130,22587,365,,231174226,222249874,3192854
24-03-2021,Telangana,329694,313749,4011,,231503920,222563623,3196865
24-03-2021,Telangana,651227,635364,10973,,232155147,223198987,3207838
24-03-2021,Telangana,3485,3390,2,,232158632,223202377,3207840
24-03-2021,Telangana,56981,55004,821,,232215613,223257381,3208661
24-03-2021,Telangana,292169,278880,4466,,232507782,223536261,3213127
24-03-2021,Telangana,61301,58615,1014,,232569083,223594876,3214141
24-03-2021,Telangana,282569,272714,3110,,232851652,223867590,3217251
24-03-2021,Telangana,121696,119626,1100,,232973348,223987216,3218351
24-03-2021,Telangana,129031,125535,1983,,233102379,224112751,3220334
24-03-2021,Telangana,975955,946589,12461,,234078334,225059340,3232795
24-03-2021,Telangana,1109909,1080803,4528,,235188243,226140143,3237323
24-03-2021,Telangana,9942,9711,130,,235198185,226149854,3237453
24-03-2021,Telangana,699,588,1,,235198884,226150442,3237454
24-03-2021,Telangana,2564881,2262593,53684,,237763765,228413035,3291138
24-03-2021,Telangana,14019,13848,149,,237777784,228426883,3291287
24-03-2021,Telangana,29362,28935,374,,237807146,228455818,3291661
24-03-2021,Telangana,280289,266323,3919,,238087435,228722141,3295580
24-03-2021,Telangana,4452,4425,11,,238091887,228726566,3295591
24-03-2021,Telangana,12226,11979,91,,238104113,228738545,3295682
24-03-2021,Telangana,339246,336337,1972,,238443359,229074882,3297654
24-03-2021,Telangana,220276,193280,6474,,238663635,229268162,3304128
24-03-2021,Telangana,40645,39380,679,,238704280,229307542,3304807
24-03-2021,Telangana,327175,319695,2808,,239031455,229627237,3307615
24-03-2021,Telangana,6210,5935,135,,239037665,229633172,3307750
24-03-2021,Telangana,304298,299270,1676,,239341963,229932442,3309426
24-03-2021,Telangana,871440,849064,12630,,240213403,230781506,3322056
24-03-2021,Telangana,33476,33021,389,,240246879,230814527,3322445
24-03-2021,Telangana,11787014,11229592,160726,,252033893,242044119,3483171
24-03-2021,Telangana,609443,596286,8769,,252643336,242640405,3491940
24-03-2021,Telangana,98880,94634,1706,,252742216,242735039,3493646
24-03-2021,Telangana,581865,567771,10312,,253324081,243302810,3503958
25-03-2021,Telangana,5042,4974,62,,253329123,243307784,3504020
25-03-2021,Telangana,895879,885209,7201,,254225002,244192993,3511221
25-03-2021,Telangana,16842,16785,56,,254241844,244209778,3511277
25-03-2021,Telangana,218139,215299,1104,,254459983,244425077,3512381
25-03-2021,Telangana,264198,261706,1567,,254724181,244686783,3513948
25-03-2021,Telangana,25356,22702,368,,254749537,244709485,3514316
25-03-2021,Telangana,332113,314769,4026,,255081650,245024254,3518342
25-03-2021,Telangana,652742,636267,10978,,255734392,245660521,3529320
25-03-2021,Telangana,3511,3394,2,,255737903,245663915,3529322
25-03-2021,Telangana,57170,55070,822,,255795073,245718985,3530144
25-03-2021,Telangana,294130,280285,4473,,256089203,245999270,3534617
25-03-2021,Telangana,61616,58679,1016,,256150819,246057949,3535633
25-03-2021,Telangana,283622,273276,3117,,256434441,246331225,3538750
25-03-2021,Telangana,121974,119698,1100,,256556415,246450923,3539850
25-03-2021,Telangana,129203,125627,1983,,256685618,246576550,3541833
25-03-2021,Telangana,978478,947781,12471,,257664096,247524331,3554304
25-03-2021,Telangana,1111898,1082668,4540,,258775994,248606999,3558844
25-03-2021,Telangana,9948,9713,130,,258785942,248616712,3558974
25-03-2021,Telangana,708,591,1,,258786650,248617303,3558975
25-03-2021,Telangana,2600833,2283037,53795,,261387483,250900340,3612770
25-03-2021,Telangana,14022,13849,150,,261401505,250914189,3612920
25-03-2021,Telangana,29367,28936,374,,261430872,250943125,3613294
25-03-2021,Telangana,282174,267242,3928,,261713046,251210367,3617222
25-03-2021,Telangana,4454,4425,11,,261717500,251214792,3617233
25-03-2021,Telangana,12228,11979,91,,261729728,251226771,3617324
25-03-2021,Telangana,339460,336409,1972,,262069188,251563180,3619296
25-03-2021,Telangana,222937,195015,6517,,262292125,251758195,3625813
25-03-2021,Telangana,40740,39389,679,,262332865,251797584,3626492
25-03-2021,Telangana,327890,319933,2808,,262660755,252117517,3629300
25-03-2021,Telangana,6212,5940,135,,262666967,252123457,3629435
25-03-2021,Telangana,304791,299427,1680,,262971758,252422884,3631115
